77 76
76 66
66 65
65 55
55 54
54 64
64 74
74 73
73 72
72 71
71 61
61 51
51 52
52 53
53 52
52 42
42 43
43 44
44 45
45 46
46 36
36 26
26 36
36 37
37 38
38 48
48 49
49 59
59 69
69 68
68 67
67 77
77 78
78 77
77 67
67 66
66 56
56 57
57 56
57 58
58 68
68 58
58 48
48 47
47 37
37 36
36 35
35 36
36 46
46 56
56 66
56 46
46 45
45 44
44 54
54 44
44 43
43 33
33 34
34 24
24 23
23 33
33 23
23 22
22 32
32 22
22 23
23 13
13 14
14 4
4 3
3 93
93 83
83 93
93 3
93 92
92 2
2 92
92 82
82 83
83 73
73 83
3 2
2 12
12 2
12 11
11 10
46 47
47 48
48 58
58 59
59 58
59 50
50 59
67 57
57 47
47 46
44 34
34 44
54 55
55 65
65 75
75 85
85 86
86 76
76 86
86 96
96 86
86 87
87 86
87 97
97 98
98 99
99 9
9 8
8 9
9 19
19 10
10 11
11 12
2 1
1 11
11 21
21 20
20 21
21 31
31 41
41 51
52 62
62 72
71 72
71 81
81 71
51 41
41 42
42 52
53 43
43 42
54 53
43 53
53 54
53 63
63 62
62 52
62 61
61 62
1 0
0 90
90 0
0 9
9 99
99 89
89 99
89 79
79 78
78 88
88 98
79 70
70 79
70 80
80 70
70 60
60 69
69 60
60 61
61 71
61 60
60 50
68 78
78 68
50 40
40 30
30 31
42 32
32 33
33 32
33 43
24 25
25 35
56 55
55 45
45 35
26 25
25 26
26 27
27 17
17 16
16 26
35 34
24 34
74 84
84 94
34 33
32 42
42 41
41 31
31 21
21 22
22 12
10 20
20 10
10 0
0 10
10 19
19 29
29 19
29 28
28 18
18 17
17 18
17 7
7 6
6 5
5 6
6 16
26 16
16 17
18 19
28 38
38 37
38 39
39 30
30 39
39 49
49 39
49 40
30 20
20 30
55 56
45 55
34 35
35 45
37 47
47 57
40 41
51 50
50 51
51 61
69 79
78 79
79 69
80 81
81 91
91 92
83 82
83 84
84 85
85 75
66 67
66 76
87 88
88 89
89 80
91 1
19 18
18 28
28 27
27 26
25 15
15 16
17 27
27 28
16 15
15 25
35 25
25 24
24 14
14 15
15 5
5 15
7 8
8 18
69 59
58 57
49 48
40 50
72 82
82 92
12 13
13 12
12 22
13 23
23 24
50 60
71 70
20 29
29 20
0 1
1 2
1 91
91 90
90 91
2 3
22 21
5 95
95 94
94 84
94 93
93 94
94 95
95 85
85 95
87 77
57 67
65 64
74 75
75 74
74 64
64 54
52 51
41 40
40 49
72 62
62 63
63 73
73 74
85 84
80 90
90 80
32 31
63 64
84 74
84 83
82 72
60 70
70 71
72 73
94 4
90 99
8 98
99 98
98 97
98 88
97 96
96 95
73 63
63 53
13 3
3 13
14 24
79 89
99 90
29 39
31 32
68 69
48 38
39 38
37 27
28 29
39 29
4 5
5 4
4 14
3 4
14 13
95 5
95 96
96 6
6 96
96 97
97 87
88 87
89 88
98 8
8 7
7 97
76 75
75 76
86 85
65 66
59 49
38 28
19 9
16 6
97 7
92 91
64 63
4 94
82 81
81 82
81 80
80 89
27 37
92 93
75 65
91 81
64 65
31 30
21 11
9 0
67 68
30 40
18 8
76 77
6 7
7 17
11 1
15 14
77 87
88 78