0 94
0 202
0 400
0 501
0 532
0 589
0 893
1 4
1 99
1 111
1 112
1 129
1 170
1 187
1 248
1 286
1 366
1 396
1 476
1 496
1 503
1 609
1 642
1 686
1 762
1 846
1 884
2 36
2 128
2 380
2 425
2 432
2 812
3 77
3 185
3 244
3 320
3 552
3 623
3 642
3 774
3 926
4 47
4 179
4 250
4 278
4 335
4 457
4 757
4 765
4 815
4 952
5 25
5 243
5 319
5 452
5 566
5 579
5 768
5 987
6 236
6 262
6 291
6 310
6 500
6 680
6 906
6 917
6 976
6 994
7 123
7 141
7 264
7 322
7 571
7 596
7 643
7 666
7 846
7 848
7 904
8 230
8 299
8 382
8 496
8 776
8 849
9 99
9 141
9 401
9 414
9 448
9 499
9 674
9 752
9 940
10 1
10 199
10 241
10 281
10 327
10 412
10 566
10 612
10 743
10 848
10 931
10 985
11 125
11 153
11 168
11 172
11 285
11 455
11 743
11 898
11 959
11 968
12 221
12 290
12 341
12 547
12 741
12 842
13 56
13 235
13 264
13 448
13 710
13 862
13 990
14 65
14 70
14 158
14 162
14 168
14 195
14 293
14 360
14 365
14 555
14 586
14 679
14 718
14 743
15 54
15 153
15 285
15 390
15 497
15 722
15 883
15 962
16 24
16 33
16 473
16 683
16 765
16 812
17 63
17 85
17 140
17 617
17 649
17 652
17 824
17 930
18 51
18 129
18 194
18 203
18 269
18 275
18 401
18 441
18 461
18 583
18 692
18 694
18 825
18 839
18 843
18 925
18 927
18 936
19 3
19 25
19 47
19 212
19 455
19 529
19 573
19 671
19 827
19 916
19 964
20 109
20 165
20 273
20 277
20 312
20 318
20 735
20 736
20 772
20 839
20 884
21 10
21 247
21 380
21 428
21 430
21 524
21 688
21 745
21 757
22 3
22 117
22 240
22 330
22 395
22 402
22 403
22 469
22 472
22 556
22 747
22 846
22 977
22 992
23 43
23 53
23 226
23 334
23 342
23 360
23 743
23 750
23 906
24 177
24 481
24 490
24 521
24 524
24 616
24 649
24 671
24 704
24 760
24 806
24 836
24 865
24 936
24 995
25 14
25 97
25 217
25 262
25 274
25 385
25 493
25 591
25 832
25 935
25 943
25 992
26 198
26 223
26 284
26 416
26 478
26 490
26 530
26 737
26 770
26 774
26 884
27 49
27 141
27 188
27 235
27 236
27 454
27 527
27 583
27 687
27 809
27 862
27 878
27 890
28 46
28 360
28 500
28 638
28 641
28 658
28 843
28 911
28 940
28 991
29 99
29 507
29 694
29 739
29 906
30 22
30 40
30 68
30 158
30 198
30 200
30 547
30 622
30 649
30 665
30 735
30 779
31 135
31 267
31 400
31 581
31 587
31 650
31 808
32 46
32 158
32 177
32 183
32 717
32 780
32 855
32 864
33 14
33 69
33 81
33 201
33 209
33 269
33 282
33 305
33 477
33 502
33 604
33 689
33 701
33 721
33 740
33 847
34 27
34 58
34 290
34 332
34 366
34 386
34 483
34 498
34 513
34 572
34 618
34 788
34 953
35 45
35 175
35 193
35 250
35 340
35 454
35 569
35 622
35 670
35 795
35 829
35 878
35 946
35 977
36 144
36 259
36 266
36 572
36 803
37 43
37 162
37 177
37 232
37 297
37 362
37 431
37 457
37 480
37 699
37 731
37 744
37 856
37 861
37 919
37 923
37 939
38 112
38 139
38 212
38 410
38 632
38 766
38 809
38 879
38 948
38 974
39 150
39 241
39 654
39 672
39 741
39 744
39 798
40 251
40 330
40 465
40 492
40 661
40 821
40 831
40 872
40 909
41 67
41 233
41 251
41 411
41 448
41 451
41 506
41 522
41 630
41 700
41 885
41 949
42 0
42 30
42 90
42 106
42 180
42 332
42 546
42 558
42 635
42 641
42 726
42 811
42 917
42 964
42 969
42 987
43 157
43 227
43 362
43 407
43 412
43 420
43 471
43 491
43 563
43 719
43 739
43 823
43 864
43 892
44 26
44 56
44 84
44 92
44 189
44 273
44 329
44 357
44 448
44 469
44 512
44 740
44 808
44 824
45 56
45 149
45 303
45 374
45 457
45 478
45 633
45 735
45 796
45 961
46 211
46 225
46 338
46 348
46 547
46 583
46 784
46 826
46 931
46 946
47 16
47 363
47 367
47 507
47 552
47 833
47 881
47 901
47 977
48 81
48 312
48 366
48 486
48 635
48 692
48 723
48 816
48 885
48 916
49 57
49 95
49 282
49 363
49 371
49 418
49 512
49 730
49 855
49 975
50 18
50 110
50 144
50 171
50 192
50 259
50 264
50 660
50 716
50 941
50 997
51 26
51 79
51 383
51 427
51 435
51 503
51 837
52 21
52 45
52 127
52 312
52 376
52 525
52 634
52 758
52 764
52 944
53 186
53 218
53 306
53 385
53 426
53 456
53 467
53 472
53 530
53 558
53 770
53 979
54 124
54 309
54 320
54 453
54 467
54 475
54 756
54 885
54 904
55 57
55 172
55 182
55 234
55 254
55 329
55 469
55 512
55 658
55 668
55 879
55 917
55 946
55 968
55 973
56 12
56 144
56 188
56 260
56 274
56 336
56 571
56 662
56 686
57 83
57 119
57 571
57 590
57 698
58 60
58 158
58 181
58 220
58 400
58 442
58 463
58 551
58 566
58 569
58 596
58 598
58 725
58 955
59 126
59 191
59 330
59 464
59 487
59 606
59 691
59 692
59 698
60 126
60 297
60 363
60 406
60 413
60 424
60 439
60 534
60 751
60 765
60 848
60 863
60 912
61 152
61 230
61 348
61 600
61 888
61 950
62 105
62 195
62 264
62 269
62 381
62 413
62 669
62 709
62 744
62 954
63 65
63 86
63 131
63 135
63 144
63 180
63 181
63 427
63 489
63 673
63 704
63 705
63 817
64 321
64 459
64 493
64 542
64 645
64 767
65 121
65 262
65 290
65 673
65 702
65 747
65 846
65 992
66 66
66 133
66 187
66 209
66 249
66 257
66 260
66 422
66 443
66 492
66 527
66 901
66 979
67 6
67 37
67 277
67 352
67 360
67 876
67 926
68 24
68 79
68 174
68 400
68 536
68 703
68 716
68 732
69 26
69 79
69 80
69 156
69 229
69 350
69 363
69 416
69 589
69 837
69 886
69 976
70 10
70 114
70 121
70 197
70 254
70 309
70 633
70 837
70 904
70 935
70 951
70 997
71 98
71 141
71 204
71 341
71 534
71 899
71 926
71 961
71 997
72 157
72 232
72 266
72 370
72 377
72 461
72 520
72 638
72 700
72 706
72 812
72 940
73 9
73 37
73 39
73 86
73 100
73 105
73 134
73 136
73 143
73 170
73 227
73 257
73 368
73 393
73 423
73 537
73 568
73 672
73 723
73 736
73 828
73 857
73 908
73 948
73 951
74 59
74 159
74 290
74 296
74 336
74 361
74 410
74 547
74 610
74 700
74 705
74 717
74 850
74 868
75 223
75 343
75 574
75 619
75 766
75 875
75 892
75 913
75 971
76 242
76 254
76 322
76 365
76 367
76 505
76 566
76 582
76 622
76 673
76 811
77 190
77 262
77 369
77 434
77 571
77 656
77 678
77 898
78 133
78 223
78 350
78 415
78 506
78 529
78 636
78 812
78 863
78 925
78 947
79 13
79 238
79 267
79 313
79 421
79 539
79 625
79 768
79 938
80 151
80 225
80 362
80 639
80 662
80 790
80 932
81 104
81 143
81 162
81 423
81 531
81 655
81 712
81 714
81 825
82 22
82 69
82 137
82 348
82 453
82 561
82 690
82 876
82 975
83 0
83 53
83 69
83 128
83 178
83 259
83 273
83 640
83 715
83 996
84 48
84 147
84 162
84 229
84 275
84 320
84 454
84 458
84 490
84 723
84 914
84 986
85 125
85 196
85 248
85 340
85 384
85 508
85 658
85 816
85 828
85 859
85 934
86 83
86 223
86 259
86 357
86 514
86 535
86 742
86 803
87 122
87 170
87 644
87 705
87 737
87 948
87 959
87 985
87 998
88 202
88 332
88 457
88 478
88 511
88 576
88 684
88 806
88 909
89 173
89 174
89 259
89 421
89 435
89 687
89 713
89 733
89 797
89 879
90 178
90 243
90 258
90 274
90 302
90 307
90 505
90 597
90 626
90 696
90 702
90 922
90 982
91 22
91 95
91 223
91 275
91 389
91 437
91 459
91 467
91 561
91 648
91 656
91 745
91 764
91 836
91 958
92 40
92 79
92 90
92 108
92 126
92 354
92 358
92 450
92 462
92 579
92 611
92 624
93 18
93 266
93 323
93 329
93 370
93 397
93 555
93 581
93 930
94 337
94 638
94 683
94 825
94 888
94 960
95 44
95 222
95 626
95 959
96 40
96 52
96 203
96 212
96 336
96 458
96 524
96 656
96 707
96 907
96 921
96 943
97 56
97 443
97 571
97 629
97 647
97 804
97 834
97 850
97 866
97 870
98 17
98 183
98 198
98 505
99 54
99 362
99 431
99 511
99 644
99 746
99 772
99 836
100 27
100 198
100 302
100 446
100 718
100 740
101 9
101 69
101 509
101 535
101 546
101 774
101 975
101 988
102 226
102 256
102 601
102 986
103 192
103 211
103 480
103 519
103 674
103 689
103 767
103 768
103 800
103 806
103 815
103 870
103 937
103 952
103 980
104 120
104 129
104 133
104 473
104 788
104 897
104 950
105 261
105 340
105 439
105 552
105 611
105 637
105 656
105 713
105 869
105 918
106 27
106 128
106 154
106 225
106 266
106 358
106 510
106 565
106 589
106 795
106 887
106 932
106 946
107 13
107 67
107 110
107 163
107 391
107 487
107 552
107 582
107 610
107 768
107 832
107 847
108 79
108 122
108 261
108 523
108 623
108 744
108 842
108 854
109 93
109 298
109 863
109 871
109 945
110 7
110 82
110 110
110 147
110 399
110 531
110 575
110 669
110 684
110 698
110 717
110 770
110 772
110 912
111 48
111 60
111 77
111 89
111 129
111 145
111 173
111 174
111 307
111 343
111 356
111 357
111 518
111 578
111 583
111 702
111 748
111 945
111 979
112 18
112 59
112 163
112 309
112 669
112 792
113 94
113 109
113 217
113 330
113 332
113 340
113 362
113 367
113 410
113 641
113 685
113 763
113 859
113 875
114 7
114 16
114 217
114 544
114 571
114 681
115 311
115 377
115 569
115 660
115 763
115 777
115 829
115 856
115 873
116 19
116 47
116 92
116 250
116 335
116 346
116 393
116 619
116 637
116 710
116 862
116 931
117 7
117 33
117 64
117 216
117 248
117 257
117 280
117 299
117 367
117 430
117 899
117 908
117 952
118 130
118 224
118 340
118 373
118 406
118 735
119 147
119 287
119 530
119 542
119 576
119 609
119 614
120 41
120 181
120 282
120 333
120 375
120 377
120 464
120 658
120 707
120 771
120 938
121 46
121 90
121 226
121 244
121 274
121 347
121 356
121 574
121 654
121 667
121 682
121 778
122 5
122 299
122 444
122 449
122 684
122 692
122 710
122 903
122 932
122 971
122 974
122 995
123 173
123 179
123 289
123 423
123 511
123 753
123 947
124 77
124 161
124 264
124 293
124 387
124 589
124 622
124 653
124 744
125 136
125 187
125 191
125 235
125 474
125 534
125 847
126 39
126 301
126 345
126 392
126 399
126 415
126 480
126 558
126 670
126 837
126 854
127 150
127 158
127 293
127 344
127 414
127 431
127 453
127 582
127 780
128 203
128 337
128 590
128 667
128 719
128 736
129 125
129 140
129 157
129 291
129 380
129 676
129 794
129 804
129 870
129 874
130 46
130 71
130 285
130 414
130 826
130 827
130 968
131 27
131 79
131 473
131 497
131 546
131 612
131 711
131 720
131 852
131 997
132 15
132 42
132 181
132 235
132 279
132 503
132 569
132 607
132 760
132 774
132 776
132 851
133 512
133 655
133 708
133 736
133 906
134 128
134 183
134 333
134 360
134 468
134 495
134 545
134 582
134 673
134 901
134 979
135 33
135 205
135 353
135 714
135 863
135 887
136 192
136 217
136 318
136 425
136 510
136 564
136 732
136 745
136 822
136 823
137 280
137 438
137 616
137 647
137 675
137 919
137 943
138 61
138 84
138 129
138 326
138 401
138 487
138 525
138 869
138 873
139 380
139 552
139 668
139 701
139 762
139 824
139 825
139 859
139 885
139 921
140 21
140 99
140 388
140 589
140 623
140 633
140 914
141 42
141 90
141 163
141 301
141 457
141 508
141 513
141 567
141 665
141 701
141 742
141 804
141 895
141 947
141 959
142 16
142 140
142 164
142 486
142 520
142 644
142 775
142 813
142 818
142 928
142 984
143 71
143 88
143 152
143 503
143 508
143 629
143 684
143 709
143 974
143 997
144 61
144 250
144 265
144 266
144 327
144 429
144 480
144 862
145 337
145 370
145 430
145 438
145 504
145 721
145 874
146 16
146 144
146 176
146 185
146 222
146 284
146 299
146 341
146 468
146 570
146 717
146 831
146 857
146 906
146 996
147 291
147 331
147 332
147 350
147 379
147 408
147 429
147 520
147 532
147 549
147 673
147 691
147 966
148 0
148 19
148 45
148 138
148 140
148 209
148 473
148 542
148 556
148 626
148 630
148 633
148 741
148 788
148 880
148 969
148 987
149 34
149 114
149 352
149 612
149 619
149 643
149 877
149 886
149 912
149 942
150 21
150 107
150 178
150 209
150 287
150 371
150 404
150 453
150 467
150 727
150 836
150 875
150 943
150 950
151 187
151 313
151 337
151 647
151 654
151 704
151 888
151 927
151 986
152 146
152 157
152 188
152 209
152 235
152 255
152 408
152 531
152 535
152 547
152 572
152 787
152 797
152 906
153 16
153 218
153 292
153 323
153 324
153 400
153 459
153 513
153 830
154 36
154 40
154 45
154 48
154 217
154 245
154 316
154 390
154 463
154 482
154 523
154 664
154 833
154 873
154 881
154 972
155 425
155 432
155 507
155 700
155 802
155 890
155 974
155 996
156 105
156 224
156 312
156 372
156 458
156 484
156 864
156 876
157 57
157 197
157 349
157 404
157 446
157 492
157 531
157 546
157 699
157 753
157 790
157 867
158 33
158 64
158 87
158 230
158 385
158 387
158 466
158 549
158 644
158 692
158 836
158 887
159 22
159 55
159 72
159 185
159 216
159 504
159 622
159 633
159 736
159 946
159 987
160 10
160 179
160 237
160 423
160 568
160 614
160 647
160 746
160 764
160 830
161 202
161 268
161 280
161 322
161 389
161 499
161 971
162 28
162 128
162 173
162 177
162 212
162 303
162 317
162 400
162 422
162 523
162 531
162 560
162 649
162 666
162 765
162 890
162 933
162 972
163 157
163 195
163 276
163 330
163 541
163 545
163 612
163 804
163 964
164 1
164 181
164 200
164 540
164 609
164 686
164 737
164 758
164 928
165 87
165 353
165 401
165 423
165 704
165 822
165 922
165 956
165 981
166 78
166 158
166 575
166 599
166 618
166 654
166 901
166 932
167 200
167 215
167 256
167 444
167 456
167 462
167 472
167 496
167 961
168 106
168 113
168 179
168 630
168 911
169 128
169 173
169 207
169 423
169 442
169 447
169 550
169 563
169 597
169 693
169 796
169 863
169 868
169 945
170 244
170 454
170 500
170 680
170 803
171 11
171 40
171 186
171 265
171 308
171 349
171 706
171 877
172 2
172 20
172 77
172 199
172 268
172 412
172 468
172 534
172 565
172 711
172 735
172 755
172 900
173 3
173 34
173 37
173 164
173 244
173 333
173 448
173 597
173 634
174 41
174 94
174 146
174 199
174 290
174 354
174 453
174 519
174 606
174 751
174 795
174 895
174 903
175 81
175 354
175 519
175 708
175 807
175 906
175 977
176 89
176 154
176 338
176 383
176 450
176 527
176 651
176 687
176 743
177 81
177 316
177 682
177 909
177 966
177 980
178 94
178 229
178 443
178 558
178 620
178 963
179 20
179 109
179 127
179 566
179 699
179 846
179 925
180 93
180 154
180 541
180 638
180 645
180 813
180 816
180 866
180 882
180 891
181 192
181 238
181 280
181 290
181 327
181 350
181 356
181 474
181 567
181 704
181 735
181 777
181 839
181 840
181 869
181 960
181 995
182 111
182 379
182 409
182 537
182 563
182 597
182 703
182 782
182 898
182 900
183 197
183 265
183 390
183 505
183 578
183 598
183 937
183 954
184 76
184 84
184 91
184 119
184 147
184 288
184 348
184 649
184 650
184 804
184 842
184 920
184 922
185 11
185 15
185 87
185 214
185 280
185 479
185 548
185 606
185 709
185 715
185 889
185 904
185 948
186 62
186 126
186 217
186 322
186 391
186 399
186 424
186 521
186 675
186 713
186 843
186 904
186 953
186 970
187 296
187 313
187 357
187 593
187 902
188 949
188 961
188 974
189 173
189 196
189 203
189 397
189 402
189 507
189 580
189 585
189 624
189 869
189 898
189 926
189 951
189 982
190 204
190 464
190 729
190 804
190 844
190 957
190 970
191 38
191 135
191 501
191 573
191 721
191 796
192 154
192 334
192 800
192 857
193 80
193 173
193 404
193 475
193 514
193 550
193 652
193 727
193 853
193 928
194 103
194 125
194 210
194 430
194 470
194 540
194 551
194 599
194 644
194 978
195 7
195 26
195 216
195 226
195 339
195 582
195 771
195 824
195 997
196 194
196 473
196 555
196 633
196 709
196 723
196 763
196 782
196 817
197 266
197 344
197 368
197 635
197 683
197 793
197 819
197 829
198 112
198 119
198 145
198 442
198 455
198 553
198 616
198 831
198 841
198 892
198 979
199 115
199 197
199 381
199 409
199 485
199 677
199 833
199 835
199 880
199 973
199 997
200 16
200 231
200 320
200 436
200 477
200 534
200 645
200 780
200 889
200 908
200 921
200 968
200 973
200 981
201 147
201 242
201 412
201 457
201 528
201 635
201 659
201 678
201 785
201 927
202 173
202 365
202 436
202 520
202 649
202 664
202 682
202 776
202 813
202 819
202 840
202 889
203 42
203 150
203 190
203 294
203 312
203 316
203 413
203 427
203 491
203 533
203 583
203 622
203 672
203 845
203 852
204 265
204 468
204 543
204 564
204 569
204 833
204 844
204 862
205 144
205 224
205 244
205 279
205 287
205 290
205 338
205 492
205 547
205 589
205 729
205 806
206 253
206 349
206 363
206 595
206 786
206 870
206 939
206 951
206 990
207 61
207 132
207 220
207 287
207 457
207 483
207 596
207 627
207 662
207 752
207 787
208 216
208 268
208 397
208 440
208 463
208 897
209 155
209 305
209 363
209 388
209 392
209 548
209 797
209 885
209 931
210 16
210 20
210 235
210 380
210 467
210 669
210 782
210 803
210 965
211 261
211 308
211 490
211 538
211 849
211 890
211 983
212 264
212 479
212 489
212 619
212 647
212 698
213 81
213 109
213 150
213 222
213 389
213 492
213 521
213 713
213 806
213 891
213 905
213 940
213 986
214 21
214 152
214 197
214 366
214 450
214 522
214 734
214 735
214 822
214 925
215 56
215 101
215 129
215 168
215 202
215 205
215 704
215 741
216 305
216 426
216 569
216 573
216 935
217 71
217 167
217 330
217 380
217 415
217 487
217 702
217 770
217 929
218 39
218 70
218 111
218 205
218 395
218 604
218 775
218 882
219 143
219 230
219 268
219 436
219 590
219 596
219 691
219 738
219 806
219 859
219 862
219 877
219 894
219 944
219 995
219 996
220 152
220 213
220 262
220 299
220 486
220 523
220 564
220 601
220 727
220 805
220 962
221 116
221 176
221 230
221 233
221 245
221 329
221 438
221 471
221 575
221 654
221 985
222 10
222 257
222 325
222 387
222 424
222 458
222 573
222 618
222 638
222 816
222 925
222 928
222 997
222 999
223 60
223 86
223 374
223 397
223 705
223 808
223 882
223 903
224 45
224 406
224 616
225 438
225 446
225 448
225 535
225 575
225 661
225 705
225 820
225 847
225 866
226 74
226 151
226 393
226 427
226 601
226 619
226 651
226 688
226 724
226 973
227 69
227 176
227 185
227 196
227 302
227 588
227 693
227 772
227 898
228 36
228 87
228 288
228 324
228 393
228 414
228 437
228 438
228 454
228 682
228 687
228 804
228 853
228 902
228 974
228 998
229 89
229 135
229 270
229 511
229 536
229 907
229 973
230 153
230 177
230 259
230 442
230 457
230 537
230 569
230 761
230 877
230 918
231 15
231 113
231 177
231 311
231 412
231 511
231 668
231 702
231 773
231 832
231 840
231 946
232 109
232 148
232 150
232 346
232 717
232 725
232 871
233 113
233 197
233 424
233 428
233 499
233 603
233 750
233 821
233 867
234 69
234 181
234 188
234 255
234 421
234 503
234 520
234 528
234 570
234 638
234 664
234 918
234 927
234 940
235 105
235 184
235 194
235 387
235 486
235 594
235 607
235 789
235 853
235 865
236 24
236 26
236 34
236 56
236 140
236 149
236 187
236 313
236 422
236 448
236 487
236 576
236 704
236 830
237 80
237 322
237 357
237 454
237 498
237 660
237 759
237 802
238 118
238 225
238 359
238 461
238 494
238 502
238 734
238 849
238 933
238 981
239 83
239 93
239 129
239 195
239 327
239 328
239 424
239 477
239 705
239 784
240 50
240 123
240 179
240 194
240 195
240 253
240 254
240 318
240 411
240 469
240 510
240 581
240 596
240 600
240 716
240 733
240 873
241 26
241 116
241 253
241 327
241 330
241 360
241 439
241 553
241 654
241 790
241 858
242 110
242 124
242 142
242 392
242 568
242 656
242 704
242 726
242 727
242 760
242 992
243 110
243 280
243 332
243 468
243 470
243 493
243 852
243 886
244 84
244 95
244 352
244 422
244 464
244 528
244 620
244 657
244 750
244 819
244 969
245 11
245 96
245 193
245 333
245 624
245 837
245 901
245 985
246 22
246 44
246 117
246 529
246 554
246 579
246 861
247 50
247 87
247 108
247 146
247 213
247 445
247 644
247 845
247 886
248 177
248 225
248 469
248 478
248 616
248 788
248 869
248 880
248 887
248 919
248 986
249 146
249 181
249 411
249 535
249 865
249 936
250 92
250 115
250 376
250 537
250 837
251 56
251 88
251 112
251 281
251 346
251 481
251 510
251 637
251 997
252 36
252 40
252 52
252 91
252 172
252 216
252 274
252 367
252 453
252 471
252 483
252 507
252 533
252 687
252 803
252 815
252 931
253 33
253 41
253 68
253 83
253 460
253 794
253 877
253 897
253 939
254 162
254 173
254 280
254 357
254 477
254 567
254 572
254 585
254 646
254 718
254 792
255 15
255 37
255 50
255 66
255 89
255 266
255 302
255 318
255 340
255 609
255 950
255 969
256 66
256 246
256 326
256 613
256 616
256 803
256 968
256 974
256 984
257 247
257 260
257 299
257 326
257 397
257 440
257 441
257 477
257 547
257 704
257 899
257 971
257 981
258 60
258 143
258 241
258 349
258 431
258 451
258 613
258 662
258 897
259 103
259 126
259 451
259 649
259 874
259 936
259 959
259 990
260 153
260 219
260 243
260 459
260 547
260 593
260 773
260 821
261 342
261 385
261 500
261 606
261 684
261 743
261 758
261 918
262 159
262 205
262 308
262 485
262 594
262 662
262 687
262 940
262 957
263 108
263 147
263 353
263 594
263 663
263 702
264 19
264 38
264 557
264 573
264 850
264 930
265 11
265 127
265 173
265 408
265 484
265 490
265 522
265 633
265 794
266 280
266 357
266 394
266 603
266 621
266 746
266 817
266 939
267 10
267 50
267 107
267 145
267 183
267 513
267 767
267 796
267 834
267 876
267 927
268 131
268 178
268 263
268 451
268 482
268 500
268 590
268 965
269 91
269 121
269 124
269 202
269 218
269 228
269 319
269 445
269 578
269 646
269 744
269 785
269 833
269 943
269 953
269 975
270 226
270 388
270 567
270 981
270 999
271 154
271 336
271 455
271 643
271 746
271 777
272 26
272 198
272 713
272 988
273 82
273 141
273 310
273 322
273 431
273 755
273 850
273 930
273 935
273 973
273 989
274 562
274 613
274 831
274 987
275 61
275 72
275 88
275 109
275 136
275 182
275 262
275 275
275 393
275 441
275 524
275 572
275 627
275 671
275 770
275 772
275 884
275 885
275 936
275 995
276 107
276 123
276 419
276 435
276 578
276 709
276 733
276 735
276 804
276 880
276 891
276 893
277 2
277 34
277 65
277 128
277 432
277 565
277 592
277 651
278 15
278 236
278 307
278 453
278 482
278 513
278 726
278 765
278 835
278 844
278 874
279 34
279 88
279 365
279 415
279 450
279 548
279 605
279 758
279 786
279 849
279 946
279 949
280 39
280 83
280 87
280 102
280 237
280 276
280 507
280 864
280 885
281 155
281 176
281 304
281 371
281 397
281 474
281 594
281 661
281 737
281 769
281 831
281 994
282 4
282 8
282 263
282 305
282 367
282 481
282 690
282 972
283 146
283 389
283 590
283 821
283 920
284 45
284 142
284 164
284 265
284 276
284 278
284 572
284 655
284 716
284 742
284 811
285 145
285 307
285 594
285 969
286 349
286 365
286 371
286 463
286 485
286 591
286 871
286 937
287 65
287 88
287 99
287 200
287 248
287 579
287 611
287 957
288 94
288 357
288 501
288 529
288 531
288 562
288 647
288 941
288 978
289 250
289 259
289 380
289 393
289 469
289 628
289 681
289 684
289 704
289 706
289 744
289 830
290 232
290 298
290 299
290 703
290 755
290 838
291 72
291 162
291 173
291 197
291 356
291 484
291 599
291 661
291 848
291 850
291 878
291 879
291 881
291 938
291 955
292 32
292 79
292 138
292 152
292 250
292 289
292 531
292 775
292 952
293 56
293 91
293 177
293 262
293 280
293 302
293 637
293 671
293 790
293 825
293 918
294 192
294 519
294 596
294 644
294 922
294 988
295 156
295 423
295 445
295 549
295 578
295 580
295 791
295 802
295 947
295 999
296 9
296 97
296 144
296 267
296 273
296 431
296 607
296 690
296 771
296 923
296 976
297 23
297 62
297 642
297 819
298 68
298 194
298 264
298 344
298 346
298 469
298 733
298 781
298 911
298 937
298 951
298 959
299 189
299 211
299 215
299 234
299 274
299 287
299 321
299 362
299 382
299 542
299 647
299 688
299 722
299 832
299 870
299 902
300 104
300 126
300 305
300 329
300 356
300 684
300 702
300 769
300 875
301 19
301 289
301 350
301 375
301 415
301 563
301 569
301 776
301 786
301 950
302 75
302 197
302 354
302 529
302 573
302 582
302 612
302 647
302 672
302 995
303 19
303 64
303 158
303 216
303 233
303 305
303 408
303 456
303 460
303 600
303 692
303 773
304 201
304 290
304 336
304 793
304 911
304 924
304 978
305 2
305 305
305 661
305 672
305 971
306 173
306 196
306 233
306 308
306 345
306 414
306 569
306 608
306 618
306 686
306 723
306 798
306 894
306 985
307 28
307 69
307 106
307 349
307 575
307 612
307 759
307 888
307 920
307 983
308 21
308 97
308 293
308 466
308 482
308 776
308 788
308 989
309 114
309 276
309 354
309 403
309 454
309 711
309 799
309 847
310 49
310 152
310 252
310 355
310 443
310 573
310 804
310 818
311 101
311 175
311 221
311 506
311 543
311 625
311 761
311 778
311 837
311 926
312 61
312 106
312 187
312 284
312 486
312 513
312 538
312 659
312 689
312 799
312 805
312 879
312 975
313 69
313 172
313 206
313 303
313 361
313 366
313 370
313 496
313 532
313 536
313 587
313 931
313 954
314 6
314 55
314 185
314 310
314 395
314 541
314 790
314 841
315 214
315 231
315 293
315 468
315 575
315 948
316 23
316 59
316 67
316 149
316 179
316 224
316 358
316 402
316 439
316 444
316 573
316 603
316 867
316 963
317 159
317 256
317 323
317 364
317 383
317 390
317 514
317 930
317 947
318 68
318 75
318 220
318 363
318 521
318 629
318 649
318 842
318 858
318 924
318 968
319 119
319 123
319 215
319 220
319 312
319 353
319 469
319 617
319 731
319 796
320 24
320 94
320 276
320 280
320 386
320 530
320 574
320 619
320 652
320 755
320 833
320 888
321 190
321 307
321 359
321 466
321 611
321 621
321 624
321 729
321 772
321 783
321 815
322 19
322 189
322 310
322 690
322 725
322 899
322 937
322 965
323 31
323 76
323 80
323 123
323 241
323 261
323 546
323 607
323 615
323 639
323 683
323 717
323 719
323 859
323 905
323 981
324 42
324 155
324 198
324 473
324 510
324 516
324 533
324 933
325 48
325 113
325 206
325 311
325 405
325 640
325 807
325 985
326 66
326 188
326 247
326 441
326 524
326 565
326 671
326 729
326 876
326 889
326 925
327 55
327 232
327 242
327 288
327 388
327 441
327 477
327 730
327 747
327 864
328 50
328 91
328 106
328 228
328 353
328 433
328 444
328 525
328 668
328 700
329 153
329 184
329 224
329 286
329 486
329 495
329 567
329 762
329 764
329 774
329 789
329 795
329 871
329 918
330 137
330 191
330 194
330 358
330 378
330 618
331 156
331 201
331 378
331 457
331 465
331 489
331 550
331 562
331 663
331 665
331 667
331 889
332 70
332 480
332 558
332 707
332 889
333 110
333 273
333 279
333 316
333 536
333 561
333 612
333 645
333 694
333 757
333 793
333 805
333 866
334 73
334 80
334 117
334 130
334 252
334 278
334 302
334 339
334 355
334 446
334 576
334 612
334 711
334 766
335 8
335 76
335 286
335 287
335 338
335 371
335 415
335 804
335 944
335 981
336 30
336 163
336 251
336 594
336 894
336 950
337 48
337 112
337 196
337 231
337 234
337 461
337 627
337 716
337 755
337 837
337 838
338 44
338 121
338 200
338 457
338 470
338 623
338 642
338 691
338 778
338 821
339 37
339 259
339 288
339 446
339 475
339 573
339 633
339 674
339 849
340 40
340 151
340 491
340 512
340 548
340 575
340 582
340 816
340 909
340 978
341 44
341 273
341 285
341 313
341 361
341 452
341 494
341 619
341 656
341 989
342 6
342 44
342 94
342 120
342 220
342 230
342 469
342 555
342 601
342 627
342 690
342 733
342 846
342 886
342 959
343 68
343 207
343 315
343 408
343 416
343 560
343 679
343 689
343 694
343 919
344 41
344 185
344 494
344 554
344 653
344 796
345 89
345 774
345 787
345 843
345 863
346 147
346 249
346 286
346 358
346 367
346 446
346 650
346 849
347 73
347 238
347 633
347 637
347 639
347 799
348 29
348 190
348 229
348 316
348 522
348 530
348 555
348 636
348 737
348 745
348 766
348 827
348 984
349 53
349 86
349 159
349 260
349 516
350 102
350 338
350 474
350 488
350 622
350 759
350 871
351 98
351 124
351 412
351 446
351 550
351 640
351 819
351 866
352 92
352 97
352 236
352 247
352 320
352 707
352 716
352 743
352 745
352 909
352 928
352 963
353 31
353 63
353 179
353 210
353 226
353 247
353 275
353 417
353 435
353 552
353 917
353 954
353 977
353 981
354 416
354 420
354 424
354 563
354 598
354 608
354 745
354 809
355 76
355 320
355 329
355 375
355 428
355 531
355 840
355 873
356 47
356 50
356 148
356 205
356 267
356 631
356 711
356 830
357 5
357 175
357 200
357 315
357 409
357 572
357 803
357 990
358 30
358 141
358 177
358 362
358 414
358 499
358 738
358 775
358 782
358 807
359 76
359 168
359 224
359 310
359 632
359 993
360 29
360 52
360 103
360 110
360 118
360 276
360 393
360 512
360 530
360 655
360 828
361 20
361 196
361 200
361 320
361 347
361 393
361 581
361 796
361 945
362 69
362 85
362 124
362 148
362 154
362 179
362 191
362 209
362 225
362 451
362 516
362 644
363 118
363 183
363 361
363 365
363 423
363 446
363 473
363 495
363 529
363 632
363 686
363 771
364 17
364 216
364 229
364 262
364 421
364 614
364 629
364 644
364 769
364 829
365 92
365 413
365 521
365 530
365 709
365 978
366 236
366 441
366 468
366 482
366 762
366 794
366 846
366 868
367 128
367 299
367 361
367 410
367 500
367 614
367 772
367 792
368 23
368 128
368 131
368 256
368 272
368 321
368 657
368 788
368 828
368 963
369 62
369 307
369 433
369 701
369 731
369 753
369 787
369 907
369 921
369 935
370 42
370 200
370 380
370 473
370 514
370 534
370 583
370 615
370 625
370 748
370 766
370 842
370 958
371 139
371 554
371 645
371 672
371 682
372 130
372 168
372 308
372 326
372 406
372 409
372 584
372 634
372 673
372 695
372 932
372 987
373 67
373 97
373 123
373 541
373 650
373 942
373 955
373 990
374 4
374 322
374 362
374 370
374 403
374 502
374 823
374 917
374 961
374 988
375 25
375 80
375 86
375 223
375 325
375 359
375 394
375 465
375 480
375 582
375 828
375 941
375 963
376 74
376 76
376 107
376 284
376 293
376 319
376 384
376 492
376 503
376 539
376 864
376 926
376 929
377 50
377 139
377 500
377 573
377 600
377 659
377 933
377 995
378 123
378 165
378 239
378 273
378 547
378 552
378 771
378 833
378 931
379 106
379 316
379 351
379 415
379 493
379 603
379 736
379 782
379 869
379 878
379 903
379 914
379 967
380 95
380 107
380 135
380 238
380 425
380 509
380 639
380 756
380 761
380 850
380 895
380 909
381 78
381 494
381 548
381 676
381 770
381 824
381 826
381 876
381 968
382 556
382 573
382 580
382 672
382 791
382 957
382 976
383 75
383 92
383 292
383 309
383 518
383 542
383 544
383 555
383 659
383 704
383 748
383 811
383 874
384 316
384 544
384 612
384 712
384 757
384 758
385 164
385 181
385 185
385 470
385 524
385 648
385 711
385 810
385 860
386 238
386 337
386 478
386 538
386 555
386 596
386 616
386 781
386 898
386 932
386 972
387 257
387 279
387 298
387 591
387 623
387 706
387 734
387 917
387 932
388 150
388 164
388 242
388 405
388 442
388 503
388 573
388 602
388 617
388 634
388 680
388 894
388 907
388 928
388 963
389 63
389 80
389 119
389 120
389 270
389 806
389 903
389 908
389 989
390 54
390 410
390 537
390 603
390 641
390 711
390 788
390 850
390 884
390 894
390 977
390 999
391 54
391 153
391 219
391 475
391 484
391 539
391 636
391 683
391 707
391 777
391 790
391 826
391 889
392 189
392 465
392 514
392 596
392 605
392 611
392 792
392 813
392 838
392 925
393 32
393 80
393 257
393 273
393 341
393 456
393 646
393 771
393 879
394 218
394 242
394 249
394 471
394 498
394 642
394 842
394 979
395 31
395 35
395 59
395 206
395 251
395 495
395 735
396 98
396 147
396 436
396 505
396 519
396 723
396 729
396 776
396 912
396 969
397 16
397 46
397 178
397 241
397 338
397 373
397 454
397 513
397 602
397 638
397 715
397 745
397 873
397 883
398 217
398 278
398 326
398 552
398 596
398 637
398 684
398 800
398 847
398 967
398 983
399 97
399 227
399 275
399 357
399 393
399 617
399 758
399 857
399 890
399 977
400 148
400 199
400 212
400 230
400 255
400 368
400 408
400 449
400 460
400 515
400 520
400 561
400 870
401 192
401 215
401 265
401 327
401 341
401 369
401 373
401 436
401 458
401 518
401 648
401 764
401 872
402 89
402 186
402 199
402 255
402 346
402 402
402 628
402 897
402 929
402 938
402 948
403 191
403 202
403 248
403 265
403 406
403 632
403 697
403 708
403 751
403 775
403 815
403 869
404 40
404 79
404 127
404 327
404 475
404 503
404 532
404 568
404 571
404 638
404 768
404 866
405 76
405 108
405 208
405 305
405 383
405 501
405 694
405 721
405 762
405 776
405 826
405 902
405 939
405 953
406 111
406 236
406 787
406 789
406 823
406 908
406 960
407 126
407 495
407 564
407 724
407 776
407 819
407 828
407 859
407 892
407 904
408 2
408 36
408 55
408 182
408 184
408 198
408 329
408 418
408 478
408 525
408 531
408 577
408 621
408 727
408 842
408 894
409 165
409 209
409 447
409 509
409 584
409 593
409 606
409 658
409 666
409 703
409 774
409 841
409 958
409 963
410 5
410 52
410 212
410 229
410 262
410 271
410 303
410 399
410 584
410 597
410 698
410 801
411 135
411 174
411 189
411 319
411 360
411 385
411 519
411 550
411 683
411 690
411 758
411 880
412 18
412 90
412 171
412 212
412 264
412 281
412 391
412 700
412 773
412 905
412 983
413 61
413 184
413 492
413 499
413 559
413 582
413 611
413 838
413 910
414 1
414 119
414 208
414 209
414 239
414 254
414 371
415 79
415 141
415 210
415 214
415 399
415 466
415 568
415 907
415 936
415 981
416 18
416 155
416 247
416 332
416 380
416 425
416 426
416 438
416 471
416 524
416 588
416 676
416 682
416 951
416 968
417 36
417 273
417 497
417 624
417 802
417 843
417 872
418 131
418 547
418 584
418 604
418 943
419 266
419 654
419 681
419 735
419 865
419 876
419 994
420 286
420 508
420 575
420 649
420 661
420 840
421 84
421 131
421 284
421 359
421 460
421 559
421 598
421 600
421 760
421 906
421 927
421 952
422 138
422 195
422 602
423 185
423 187
423 210
423 237
423 293
423 458
423 592
423 609
423 663
423 706
423 762
423 795
423 805
423 808
423 830
423 985
424 157
424 196
424 202
424 290
424 321
424 374
424 539
424 618
424 736
424 758
424 766
424 777
424 806
424 956
425 10
425 176
425 509
425 613
425 797
425 817
426 160
426 253
426 315
426 359
426 697
426 776
426 906
427 7
427 23
427 59
427 164
427 651
427 777
427 785
427 891
428 124
428 128
428 175
428 183
428 214
428 242
428 293
428 374
428 582
428 714
428 871
429 31
429 122
429 404
429 415
429 560
429 632
429 824
429 829
429 871
430 14
430 23
430 54
430 56
430 86
430 239
430 847
431 48
431 313
431 364
431 383
431 456
431 779
431 799
432 8
432 218
432 238
432 440
432 580
432 786
432 953
432 988
432 992
433 252
433 421
433 481
433 577
433 597
433 682
433 719
433 727
433 799
433 852
433 930
434 108
434 109
434 314
434 477
434 579
434 581
434 687
434 691
434 717
434 754
434 798
434 938
434 996
435 110
435 154
435 216
435 288
435 403
435 568
435 697
435 790
435 839
435 869
436 158
436 365
436 473
436 495
436 541
436 705
436 715
436 815
436 816
436 944
436 946
437 20
437 228
437 372
437 455
437 511
437 571
437 639
437 683
437 883
437 971
437 983
438 71
438 122
438 167
438 220
438 253
438 321
438 741
438 775
439 56
439 85
439 177
439 181
439 255
439 366
439 383
439 413
439 414
439 519
439 838
439 865
439 960
440 408
440 543
440 610
440 728
440 894
440 986
441 73
441 104
441 307
441 405
441 518
441 519
441 530
441 552
441 557
441 672
441 683
441 815
441 950
442 32
442 312
442 391
442 419
442 436
442 554
442 638
442 645
442 906
443 136
443 147
443 269
443 386
443 422
443 423
443 606
443 620
443 818
443 971
443 988
444 77
444 111
444 128
444 397
444 470
444 520
444 696
444 702
444 711
444 895
445 61
445 95
445 100
445 156
445 166
445 197
445 345
445 458
445 621
445 789
445 938
445 941
445 943
445 958
446 31
446 50
446 271
446 331
446 557
446 563
446 623
446 665
446 688
446 723
446 789
446 929
447 39
447 216
447 270
447 359
447 387
447 510
447 597
447 774
447 808
447 850
447 856
448 122
448 206
448 271
448 304
448 464
448 635
448 656
448 785
448 879
449 35
449 83
449 101
449 162
449 257
449 289
449 297
449 444
449 452
449 465
449 507
449 511
449 555
449 573
449 638
449 785
449 937
450 41
450 253
450 254
450 288
450 344
450 501
450 525
450 711
450 749
450 870
450 907
451 52
451 62
451 168
451 330
451 552
451 579
451 656
451 751
451 797
451 929
452 234
452 595
452 601
452 630
452 976
453 69
453 112
453 359
453 611
453 838
453 896
453 947
454 226
454 308
454 315
454 397
454 421
454 573
454 680
454 767
454 933
455 228
455 421
455 423
455 439
455 445
455 470
455 621
455 901
456 32
456 53
456 70
456 159
456 283
456 593
456 618
456 655
456 734
456 841
456 873
456 968
456 970
457 94
457 112
457 133
457 166
457 441
457 633
457 685
457 796
458 50
458 160
458 177
458 240
458 254
458 306
458 450
458 734
458 736
458 739
458 903
458 921
458 951
459 8
459 13
459 43
459 79
459 130
459 149
459 242
459 390
459 414
459 431
459 544
459 559
459 564
459 795
459 863
460 82
460 156
460 201
460 209
460 231
460 390
460 526
460 641
460 730
460 798
461 54
461 264
461 282
461 492
461 499
461 565
461 738
461 782
461 838
462 130
462 144
462 184
462 202
462 464
462 987
463 28
463 36
463 252
463 334
463 395
463 447
463 493
463 559
463 738
463 800
463 845
463 876
463 975
464 5
464 150
464 291
464 387
464 569
464 707
464 843
464 963
465 270
465 407
465 497
465 567
465 570
465 665
465 684
465 729
465 873
465 906
465 918
465 950
466 57
466 186
466 398
466 406
466 433
466 548
466 572
466 702
466 769
466 806
467 126
467 339
467 388
467 429
467 501
467 525
467 604
467 741
467 821
467 899
467 901
468 235
468 251
468 451
468 476
468 747
468 774
468 810
468 845
468 877
468 890
468 975
469 367
469 408
469 429
469 435
469 691
469 700
469 703
469 807
469 920
470 67
470 196
470 224
470 460
470 484
470 551
470 596
470 675
470 704
470 762
470 850
471 31
471 123
471 211
471 216
471 284
471 344
471 478
471 613
471 753
471 761
471 891
471 924
471 933
471 941
471 954
472 153
472 354
472 551
472 567
472 756
472 775
472 838
472 863
472 991
473 28
473 96
473 189
473 238
473 246
473 247
473 291
473 399
473 417
473 429
473 718
473 762
473 873
473 947
474 77
474 212
474 255
474 484
474 612
474 625
474 667
474 739
474 890
475 35
475 186
475 257
475 353
475 420
475 481
475 658
475 749
475 946
476 101
476 181
476 306
476 343
476 412
476 419
476 559
476 613
476 845
477 66
477 176
477 360
477 427
477 433
477 465
477 515
477 631
477 680
477 723
477 853
477 884
477 997
478 5
478 23
478 178
478 199
478 266
478 389
478 408
478 438
478 522
478 594
478 651
478 655
478 670
478 679
478 736
478 862
479 155
479 183
479 479
479 535
479 724
479 753
479 789
479 934
479 975
479 998
480 16
480 38
480 98
480 132
480 145
480 231
480 256
480 305
480 356
480 518
480 750
480 759
480 820
480 900
481 64
481 102
481 111
481 116
481 131
481 450
481 534
481 707
481 872
482 332
482 503
482 577
482 621
482 920
483 10
483 22
483 101
483 117
483 282
483 435
483 473
483 500
483 501
483 765
483 917
484 12
484 32
484 97
484 239
484 398
484 407
484 616
484 755
484 850
484 884
485 44
485 193
485 514
485 734
485 764
485 786
485 843
485 900
485 946
485 980
486 4
486 264
486 488
486 495
486 886
486 924
487 238
487 278
487 657
487 811
488 34
488 114
488 190
488 194
488 471
488 611
488 673
489 140
489 163
489 217
489 323
489 444
489 788
489 814
489 884
489 919
490 174
490 380
490 615
491 235
491 254
491 343
491 368
491 422
491 638
491 787
491 875
491 943
492 89
492 90
492 172
492 230
492 258
492 321
492 490
492 872
492 894
493 297
493 676
493 765
493 841
493 923
493 982
494 30
494 157
494 176
494 263
494 402
494 463
494 502
494 971
494 973
495 112
495 124
495 336
495 519
495 575
495 629
495 687
495 779
495 991
496 249
496 460
496 498
496 756
496 884
496 899
497 22
497 252
497 450
497 549
497 570
497 702
497 985
498 47
498 136
498 465
498 473
498 790
498 834
498 986
499 55
499 172
499 194
499 302
499 319
499 352
499 353
499 494
499 522
499 535
499 728
499 842
500 78
500 133
500 182
500 293
500 376
500 471
500 478
500 541
500 569
500 735
500 783
500 814
500 818
500 868
501 171
501 434
501 598
501 615
501 700
502 2
502 110
502 172
502 207
502 237
502 260
502 325
502 341
502 758
502 869
502 910
502 919
502 976
503 28
503 604
503 873
504 650
504 670
504 834
504 837
504 978
505 218
505 232
505 352
505 404
505 431
505 543
505 550
505 555
505 679
506 37
506 212
506 216
506 253
506 414
506 415
506 608
506 699
507 15
507 91
507 283
507 331
507 376
507 517
507 520
508 91
508 214
508 275
508 399
508 557
508 794
508 802
508 905
509 164
509 459
509 475
509 517
509 555
509 823
509 841
510 94
510 117
510 276
510 305
510 469
510 539
510 660
510 836
511 190
511 276
511 308
511 318
511 540
511 563
511 676
511 873
511 929
512 3
512 185
512 336
512 446
512 480
512 481
512 501
512 720
512 870
513 14
513 64
513 501
513 659
513 763
513 953
513 974
513 998
514 184
514 479
514 619
514 752
514 753
514 766
514 773
514 784
514 800
515 92
515 146
515 175
515 190
515 431
515 551
515 592
515 880
515 927
516 73
516 288
516 301
516 524
516 582
516 730
516 836
516 968
517 70
517 135
517 299
517 410
517 572
517 833
518 185
518 263
518 695
518 838
519 33
519 228
519 269
519 277
519 302
519 331
519 387
519 566
519 571
519 680
519 781
519 915
519 989
520 70
520 293
520 309
520 325
520 357
520 491
520 748
520 749
520 790
520 884
520 936
521 84
521 127
521 215
521 271
521 276
521 393
521 428
521 439
521 756
521 850
522 12
522 231
522 258
522 434
522 493
522 561
522 562
522 780
522 894
522 918
522 922
522 961
523 497
523 572
523 589
523 711
523 720
523 731
523 830
523 883
523 941
524 68
524 106
524 219
524 290
524 370
524 382
524 399
524 433
524 510
524 720
524 937
524 969
525 67
525 229
525 265
525 277
525 443
525 487
525 593
525 639
525 712
525 837
525 848
525 853
525 866
525 922
525 945
526 12
526 55
526 203
526 219
526 308
526 368
526 425
526 486
526 499
526 738
526 743
526 754
526 832
526 836
526 841
526 873
526 874
526 893
527 108
527 122
527 232
527 410
527 526
527 807
527 818
527 856
527 859
527 902
527 947
527 971
527 981
528 92
528 333
528 343
528 466
528 545
528 724
528 767
528 779
528 965
529 8
529 54
529 162
529 274
529 504
529 672
529 718
529 755
529 887
529 982
530 54
530 298
530 431
530 561
531 74
531 204
531 395
531 551
531 609
531 681
531 913
531 972
531 976
532 47
532 73
532 261
532 264
532 291
532 335
532 844
533 100
533 334
533 462
533 510
533 649
533 676
533 766
533 975
533 991
534 172
534 394
534 416
534 568
534 655
534 663
534 794
535 111
535 118
535 138
535 454
535 548
535 622
535 681
535 762
535 772
535 773
535 823
535 828
536 53
536 124
536 337
536 373
536 503
536 506
536 565
536 607
536 692
536 935
537 30
537 36
537 173
537 187
537 239
537 566
537 619
537 693
537 698
537 719
537 745
537 756
537 785
537 846
537 869
538 91
538 217
538 235
538 238
538 321
538 581
538 704
538 795
538 970
539 24
539 102
539 131
539 221
539 502
539 503
539 844
539 924
540 121
540 166
540 551
540 662
540 855
540 935
541 281
541 685
541 765
541 786
541 808
541 809
541 917
541 942
541 989
542 70
542 146
542 334
542 376
542 632
542 749
542 900
542 951
542 993
543 27
543 289
543 579
543 752
543 779
543 983
544 180
544 282
544 329
544 370
544 423
544 660
544 726
544 764
544 821
544 919
545 111
545 148
545 508
545 534
545 565
545 679
545 846
545 862
545 880
545 942
545 947
546 77
546 97
546 110
546 128
546 169
546 196
546 379
546 466
546 861
547 95
547 237
547 282
547 313
547 333
547 345
547 368
547 535
547 664
547 690
547 743
547 885
547 900
548 52
548 85
548 135
548 231
548 281
548 409
548 564
548 762
548 806
548 820
549 88
549 89
549 142
549 304
549 328
549 609
549 626
549 632
549 843
549 895
549 951
549 992
550 3
550 133
550 169
550 252
550 269
550 454
550 462
550 648
550 705
551 52
551 246
551 281
551 307
551 427
551 472
551 577
551 636
551 655
551 674
551 711
551 759
551 925
552 85
552 150
552 249
552 347
552 371
552 407
552 563
552 629
552 710
552 714
552 764
552 798
552 915
553 24
553 146
553 208
553 345
553 419
553 443
553 594
553 870
553 882
553 909
553 931
554 47
554 321
554 403
554 419
554 429
554 464
554 630
554 814
555 266
555 410
555 510
555 512
555 753
556 44
556 91
556 350
556 509
556 530
556 629
556 707
556 712
556 729
556 820
556 851
557 49
557 111
557 328
557 396
557 404
557 576
557 706
557 727
557 753
557 809
558 34
558 129
558 156
558 166
558 368
558 423
558 520
558 524
558 533
558 575
558 661
558 803
558 828
558 897
558 918
558 948
558 972
559 4
559 138
559 201
559 280
559 335
559 431
559 463
559 510
559 836
560 61
560 502
560 520
560 641
560 778
560 921
561 7
561 67
561 304
561 456
561 606
561 650
561 774
561 879
562 2
562 236
562 242
562 450
562 485
563 24
563 35
563 134
563 244
563 357
563 382
563 734
563 761
563 841
563 908
563 920
563 985
563 995
564 228
564 235
564 433
564 734
564 746
564 866
564 880
564 944
564 976
565 11
565 61
565 87
565 227
565 356
565 623
565 762
565 894
565 901
565 934
565 976
566 27
566 29
566 128
566 141
566 158
566 368
566 454
566 723
566 752
566 792
566 872
567 4
567 5
567 46
567 255
567 386
567 401
567 422
567 484
567 796
567 831
567 845
568 89
568 102
568 158
568 422
568 574
568 583
568 669
569 16
569 123
569 160
569 249
569 279
569 377
569 396
569 547
569 824
569 934
569 985
569 989
569 995
570 146
570 265
570 373
570 489
570 729
570 797
570 813
570 896
570 963
570 986
571 28
571 43
571 181
571 208
571 316
571 335
571 381
571 479
571 521
571 560
571 765
571 863
571 973
572 122
572 210
572 343
572 568
572 672
573 75
573 226
573 305
573 318
573 407
573 519
573 786
573 863
573 892
574 204
574 328
574 344
574 434
574 450
574 722
574 764
574 901
575 7
575 378
575 381
575 491
575 553
575 620
575 807
575 867
575 888
575 923
575 959
576 244
576 303
576 343
576 464
576 783
576 861
576 886
577 35
577 230
577 251
577 260
577 326
577 454
577 479
577 675
577 697
578 0
578 48
578 77
578 148
578 154
578 242
578 314
578 318
578 341
578 360
578 425
578 520
578 544
578 727
578 809
578 937
579 181
579 192
579 268
579 317
579 361
579 415
579 417
579 496
579 523
579 599
579 676
579 753
579 798
579 895
579 978
580 34
580 54
580 100
580 205
580 249
580 339
580 345
580 378
580 402
580 430
580 583
580 592
580 593
580 732
580 738
580 833
581 159
581 268
581 331
581 407
581 559
581 702
581 947
582 51
582 183
582 318
582 639
582 788
583 232
583 289
583 328
583 391
583 455
583 477
583 527
583 592
583 675
583 765
583 846
583 855
583 948
584 25
584 149
584 273
584 400
584 426
584 430
584 545
584 597
584 920
585 114
585 170
585 242
585 302
585 427
585 450
585 612
585 657
585 796
585 827
585 828
585 872
586 108
586 139
586 270
586 308
586 344
586 557
586 591
586 789
587 67
587 252
587 360
587 369
587 417
587 450
587 544
587 713
587 739
587 983
588 85
588 130
588 200
588 634
588 658
588 659
588 731
588 743
589 42
589 95
589 218
589 310
589 345
589 471
589 554
589 601
589 768
589 832
589 913
590 149
590 279
590 413
590 496
590 502
590 708
590 783
590 870
590 913
591 11
591 24
591 138
591 288
591 306
591 490
591 628
591 696
591 766
591 790
591 927
591 943
592 469
592 589
592 653
592 740
592 879
592 956
593 59
593 69
593 117
593 200
593 204
593 408
593 439
593 545
593 585
593 646
593 690
593 701
593 743
594 147
594 171
594 487
594 587
594 947
595 258
595 342
595 483
595 543
595 552
595 744
595 755
595 871
595 879
595 997
595 999
596 261
596 390
596 441
596 521
596 713
596 816
596 844
596 974
597 65
597 203
597 244
597 347
597 543
597 706
597 826
597 898
598 100
598 400
598 576
598 579
598 681
598 726
598 869
598 886
598 915
599 69
599 233
599 432
599 525
599 802
599 982
600 104
600 121
600 142
600 180
600 267
600 314
600 378
600 437
600 516
600 533
600 613
600 650
600 809
601 128
601 153
601 347
601 425
601 438
601 449
601 558
601 584
601 626
601 660
601 760
601 818
602 28
602 122
602 255
602 325
602 331
602 491
602 504
602 599
602 649
602 794
603 69
603 71
603 215
603 222
603 305
603 377
603 465
603 550
603 648
603 781
603 928
604 53
604 68
604 153
604 173
604 200
604 331
604 415
604 450
604 645
605 243
605 301
605 663
605 665
605 751
605 876
605 954
606 244
606 533
606 587
606 667
606 669
606 741
606 838
606 840
606 857
606 954
607 149
607 201
607 552
607 676
607 688
607 760
607 981
607 983
608 84
608 165
608 287
608 387
608 397
608 419
608 878
609 58
609 149
609 153
609 276
609 358
609 366
609 658
609 748
609 930
609 967
610 20
610 41
610 194
610 244
610 366
610 403
610 463
610 732
610 768
610 778
610 855
611 68
611 165
611 173
611 184
611 199
611 299
611 422
611 556
611 637
611 666
611 799
611 939
611 949
612 10
612 97
612 108
612 154
612 223
612 393
612 577
612 674
612 680
612 750
612 960
613 49
613 125
613 198
613 206
613 292
613 354
613 359
613 576
613 626
613 720
613 827
613 961
614 220
614 396
614 404
614 593
615 94
615 125
615 205
615 217
615 219
615 675
615 720
616 221
616 223
616 303
616 351
616 395
616 475
616 529
616 562
616 694
616 763
616 932
616 957
616 971
617 29
617 38
617 226
617 399
617 728
617 878
617 895
617 955
618 6
618 73
618 123
618 144
618 266
618 292
618 361
618 410
618 497
618 606
618 645
618 799
618 836
618 967
619 26
619 29
619 119
619 130
619 295
619 396
619 677
620 52
620 137
620 162
620 273
620 386
620 503
620 548
620 602
620 616
620 670
620 903
620 972
621 7
621 38
621 62
621 74
621 86
621 392
621 432
621 447
621 488
621 941
622 69
622 105
622 173
622 258
622 294
622 328
622 402
622 522
622 598
622 638
622 783
622 800
622 819
622 820
622 973
623 31
623 63
623 146
623 179
623 194
623 243
623 300
623 621
623 765
623 810
623 945
624 85
624 184
624 451
624 493
624 511
624 589
624 928
625 123
625 311
625 402
625 483
625 531
625 621
625 629
625 855
625 970
626 204
626 282
626 434
626 855
626 946
626 961
626 999
627 80
627 267
627 453
627 467
627 522
627 567
627 589
627 813
627 870
628 4
628 19
628 45
628 76
628 84
628 314
628 352
628 423
628 450
628 457
628 625
628 739
628 786
628 830
628 936
628 959
629 28
629 247
629 303
629 532
629 909
630 14
630 276
630 372
630 389
630 514
630 767
630 863
631 106
631 135
631 231
631 336
631 377
631 578
631 656
631 893
631 942
631 964
631 966
632 77
632 101
632 183
632 189
632 393
632 432
632 513
632 638
632 707
632 718
632 794
632 978
633 72
633 145
633 167
633 175
633 225
633 227
633 264
633 370
633 756
633 965
633 983
634 208
634 214
634 350
634 352
634 410
634 513
634 743
634 832
634 834
634 849
635 221
635 366
635 557
635 757
635 887
635 902
635 973
636 29
636 200
636 336
636 496
636 567
636 619
636 718
636 966
637 20
637 32
637 189
637 222
637 248
637 280
637 303
637 330
637 358
637 472
637 557
637 656
637 757
637 840
637 947
637 966
638 44
638 113
638 118
638 142
638 168
638 604
638 615
638 701
638 845
638 899
638 942
638 966
639 94
639 106
639 169
639 183
639 193
639 380
639 386
639 396
639 416
639 535
639 669
639 799
639 826
639 952
639 975
640 37
640 133
640 145
640 156
640 337
640 480
640 977
641 257
641 272
641 304
641 344
641 501
641 545
641 591
641 613
641 682
641 688
641 737
641 791
641 902
641 939
642 55
642 168
642 184
642 253
642 260
642 743
642 751
642 769
642 821
642 902
642 923
643 103
643 128
643 273
643 333
643 358
643 469
643 603
643 647
643 892
643 958
644 45
644 123
644 138
644 141
644 142
644 249
644 391
644 432
644 492
644 508
644 574
644 703
644 783
644 873
644 955
644 971
644 994
645 100
645 246
645 546
645 713
645 809
645 827
645 837
645 857
645 902
645 933
646 254
646 294
646 359
646 508
646 691
646 744
646 789
646 871
646 884
646 962
646 977
647 38
647 51
647 191
647 392
647 448
647 519
647 634
647 656
647 737
647 965
647 978
648 101
648 128
648 159
648 228
648 492
648 495
648 615
648 650
648 967
649 40
649 119
649 237
649 270
649 377
649 416
649 417
649 460
649 628
649 953
650 121
650 122
650 168
650 291
650 659
650 678
650 789
650 964
651 25
651 144
652 9
652 38
652 59
652 75
652 77
652 258
652 544
652 644
652 791
652 994
653 485
653 635
653 759
653 761
653 906
653 958
654 241
654 370
654 392
654 493
654 531
654 597
654 814
655 5
655 119
655 300
655 352
655 523
655 560
655 709
655 731
655 748
655 785
655 797
655 931
656 189
656 206
656 226
656 227
656 459
656 723
657 25
657 42
657 44
657 52
657 66
657 118
657 141
657 187
657 277
657 284
657 509
657 923
658 49
658 106
658 446
658 598
658 871
658 973
658 998
659 279
659 387
659 431
659 456
659 494
659 562
659 688
659 718
659 828
659 983
660 41
660 172
660 188
660 379
660 448
660 493
660 595
660 736
660 780
660 849
660 883
661 4
661 30
661 239
661 456
661 576
661 614
661 620
661 638
661 657
661 693
661 838
661 914
662 173
662 261
662 333
662 378
662 460
662 473
662 476
662 557
662 606
662 689
662 705
662 851
663 34
663 39
663 70
663 202
663 357
663 388
663 523
663 566
663 632
663 754
663 789
663 860
663 923
664 22
664 144
664 399
664 413
664 615
664 802
664 854
665 22
665 79
665 277
665 363
665 548
665 860
665 869
665 872
665 874
665 892
665 924
666 10
666 118
666 145
666 157
666 243
666 259
666 419
666 442
666 483
666 685
666 693
666 781
666 870
667 34
667 129
667 347
667 388
667 421
667 468
667 492
667 509
667 702
667 889
667 937
667 951
668 144
668 279
668 380
668 403
668 455
668 906
668 958
668 976
668 999
669 279
669 325
669 401
669 422
669 562
670 30
670 184
670 239
670 328
670 580
670 679
670 798
670 976
671 239
671 240
671 287
671 336
671 357
671 466
671 568
671 615
671 697
671 712
671 716
671 734
672 14
672 83
672 100
672 243
672 354
672 524
672 596
672 743
672 768
672 803
672 847
672 859
672 910
672 955
672 972
673 31
673 51
673 55
673 398
673 418
673 474
673 642
673 853
673 884
674 36
674 61
674 159
674 191
674 206
674 284
674 289
674 314
674 381
674 468
674 585
674 725
674 748
674 751
674 884
674 888
674 889
674 975
675 11
675 157
675 522
675 631
675 632
675 765
675 890
675 937
676 46
676 178
676 189
676 197
676 320
676 361
676 594
676 644
676 762
676 950
677 6
677 19
677 89
677 114
677 205
677 237
677 375
677 595
677 623
677 647
677 766
677 965
677 966
677 993
678 54
678 191
678 192
678 348
678 395
678 569
678 620
678 727
678 788
678 992
679 11
679 35
679 61
679 144
679 168
679 216
679 349
679 735
679 764
679 938
680 50
680 129
680 142
680 285
680 467
680 581
680 675
680 690
680 746
680 858
680 919
680 974
681 140
681 180
681 693
681 695
681 770
681 830
681 897
681 944
681 985
682 7
682 83
682 400
682 418
682 439
682 584
682 740
682 756
682 828
682 839
682 918
682 941
682 970
682 975
683 4
683 114
683 124
683 225
683 420
683 472
683 566
683 764
683 861
683 873
683 959
684 46
684 69
684 287
684 345
684 566
684 739
684 868
684 897
684 947
684 966
685 138
685 298
685 523
685 711
685 822
685 837
685 928
685 987
686 187
686 279
686 305
686 427
686 469
686 486
686 502
686 649
686 739
686 792
686 994
687 20
687 30
687 59
687 141
687 238
687 266
687 377
687 529
687 610
687 658
687 843
687 936
687 965
687 967
688 25
688 226
688 499
688 531
688 572
688 764
688 850
688 948
689 81
689 210
689 271
689 345
689 527
689 528
689 535
689 684
689 725
689 738
689 757
690 139
690 288
690 352
690 447
690 560
690 661
690 672
690 743
690 845
690 994
691 57
691 104
691 497
691 586
691 593
691 976
692 55
692 214
692 250
692 264
692 321
692 367
692 401
692 513
692 741
693 59
693 178
693 341
693 480
693 527
693 605
693 618
693 628
693 650
693 771
693 836
693 890
694 109
694 232
694 313
694 345
694 458
694 744
695 115
695 510
695 633
695 899
695 902
695 944
696 234
696 252
696 292
696 299
696 396
696 440
696 609
696 640
696 720
696 739
696 932
696 942
696 964
696 970
697 103
697 177
697 276
697 367
697 426
697 518
697 557
697 616
697 623
697 889
697 901
697 921
698 140
698 187
698 305
698 310
698 371
698 500
698 546
698 587
698 642
698 815
698 991
699 184
699 188
699 261
699 297
699 331
699 360
699 378
699 403
699 513
699 515
699 642
699 670
699 678
699 799
699 846
699 988
700 47
700 168
700 181
700 225
700 295
700 464
700 745
700 804
700 825
701 49
701 310
701 363
701 428
701 671
701 999
702 49
702 121
702 141
702 331
702 436
702 475
702 708
702 848
702 851
702 889
703 8
703 22
703 92
703 198
703 274
703 313
703 335
703 516
703 640
703 648
703 812
703 813
703 826
703 829
704 20
704 22
704 25
704 100
704 217
704 290
704 329
704 371
704 416
704 429
704 477
704 492
704 495
704 542
704 591
704 746
704 974
705 29
705 287
705 461
705 561
705 581
705 618
705 708
705 760
705 778
705 831
705 846
706 210
706 330
706 432
706 443
706 451
706 464
706 518
706 615
706 672
706 748
706 783
706 826
706 912
707 26
707 27
707 384
707 406
707 525
707 582
707 693
707 827
707 866
708 188
708 421
708 456
708 625
708 627
708 700
708 998
709 9
709 23
709 311
709 328
709 361
709 417
709 520
709 573
709 605
709 930
709 994
710 9
710 79
710 210
710 212
710 279
710 341
710 490
710 555
710 762
710 782
710 876
711 33
711 121
711 155
711 200
711 373
711 694
711 724
711 777
711 805
711 818
711 826
711 903
711 939
711 973
712 220
712 242
712 321
712 377
712 411
712 468
712 613
712 724
712 769
712 786
713 15
713 154
713 517
713 605
713 622
713 660
713 789
714 63
714 215
714 220
714 454
714 471
714 823
714 886
715 182
715 648
715 698
715 964
715 968
716 24
716 106
716 238
716 493
716 523
716 537
716 604
716 623
716 657
716 666
716 697
716 708
716 802
716 867
716 879
716 982
717 81
717 510
717 533
717 824
717 944
718 127
718 156
718 281
718 297
718 380
718 529
718 579
718 694
718 782
718 926
718 977
719 36
719 51
719 115
719 157
719 295
719 302
719 331
719 469
719 918
719 944
720 316
720 347
720 445
720 938
721 143
721 346
721 430
721 458
721 573
721 864
722 8
722 225
722 292
722 629
722 640
722 667
722 686
722 780
722 895
722 948
722 965
723 117
723 414
723 422
723 650
723 757
723 943
724 52
724 295
724 349
724 364
724 494
724 581
724 618
724 634
724 743
724 778
724 946
724 969
724 984
725 146
725 253
725 300
725 328
725 428
725 466
725 569
725 821
725 938
726 127
726 204
726 436
726 439
726 472
726 503
726 552
726 712
726 794
726 808
726 916
726 931
727 58
727 125
727 232
727 332
727 441
727 582
727 610
727 760
727 854
727 898
727 903
727 904
728 107
728 168
728 175
728 225
728 298
728 489
728 513
728 651
728 666
728 717
728 751
728 869
728 940
729 6
729 50
729 95
729 198
729 364
729 536
729 668
729 754
729 891
730 20
730 61
730 153
730 208
730 318
730 362
730 496
730 499
730 631
731 85
731 202
731 351
731 499
731 578
731 632
731 681
731 682
731 698
731 737
731 787
731 900
732 28
732 125
732 142
732 292
732 371
732 552
732 748
732 779
732 827
732 934
733 67
733 211
733 279
733 374
733 637
733 688
733 842
733 932
733 937
734 95
734 106
734 357
734 391
734 621
734 636
734 704
734 765
734 779
735 20
735 53
735 205
735 246
735 527
735 738
735 767
735 869
735 873
735 906
735 944
735 967
736 62
736 77
736 80
736 149
736 284
736 405
736 441
736 468
736 580
736 605
736 643
736 668
736 696
736 865
736 970
736 974
737 84
737 109
737 321
737 393
737 526
737 600
737 794
737 862
737 916
738 28
738 55
738 110
738 279
738 282
738 296
738 356
738 394
738 447
738 527
738 740
738 847
738 877
738 894
738 985
739 40
739 57
739 72
739 100
739 314
739 330
739 538
739 559
739 600
739 704
739 830
739 994
740 243
740 280
740 384
740 397
740 468
740 649
740 662
740 707
740 934
741 11
741 24
741 144
741 254
741 268
741 572
741 683
741 696
741 725
741 845
741 955
741 996
742 226
742 449
742 469
742 613
742 629
742 790
742 839
743 128
743 225
743 365
743 404
743 756
743 761
743 794
743 945
744 42
744 85
744 193
744 209
744 233
744 235
744 292
744 313
744 333
744 473
744 594
744 616
744 899
745 226
745 237
745 289
745 310
745 319
745 428
745 564
745 773
745 776
745 886
745 912
745 938
746 26
746 219
746 295
746 330
746 453
746 490
746 628
747 39
747 303
747 475
747 635
747 636
747 780
748 47
748 189
748 365
748 427
748 601
748 818
748 864
748 865
748 963
749 16
749 93
749 94
749 273
749 338
749 411
749 433
749 435
749 442
749 547
749 576
749 607
749 611
749 630
749 647
749 768
749 888
749 978
749 987
750 62
750 78
750 99
750 104
750 219
750 233
750 354
750 436
750 507
750 511
750 540
750 617
750 758
750 877
750 909
751 168
751 354
751 378
751 402
751 434
751 513
752 37
752 115
752 224
752 277
752 364
752 403
752 415
752 540
752 558
752 561
752 562
752 712
752 789
752 852
752 872
752 937
752 950
753 8
753 35
753 148
753 302
753 337
753 709
753 809
753 910
753 927
753 996
754 87
754 141
754 177
754 209
754 236
754 262
754 286
754 389
754 595
754 831
755 380
755 391
755 469
755 747
755 787
755 805
755 836
755 840
755 855
755 867
755 908
755 964
756 29
756 125
756 137
756 246
756 288
756 581
756 611
756 626
756 699
756 827
756 966
756 972
757 203
757 210
757 277
757 320
757 384
757 551
757 559
757 722
757 955
758 49
758 287
758 343
758 492
758 561
758 617
758 703
758 760
758 866
758 971
759 97
759 161
759 262
759 272
759 309
759 369
759 549
759 707
759 867
759 924
760 15
760 91
760 219
760 416
760 601
760 697
760 809
760 878
760 914
760 951
761 121
761 138
761 391
761 407
761 459
761 503
761 574
761 623
761 837
761 861
761 903
761 909
762 75
762 520
762 530
762 767
762 769
762 881
763 138
763 319
763 338
763 578
763 825
763 996
764 14
764 143
764 187
764 286
764 390
764 495
764 570
764 588
764 702
764 749
764 888
765 245
765 361
765 410
765 534
765 623
765 759
765 815
766 117
766 218
766 296
766 307
766 617
766 676
766 771
766 776
766 787
766 823
766 832
766 866
767 14
767 22
767 71
767 102
767 162
767 386
767 391
767 408
767 443
767 627
767 748
767 749
767 826
767 998
768 8
768 39
768 76
768 136
768 266
768 591
768 641
768 813
768 864
768 991
769 69
769 252
769 329
769 368
769 399
769 477
769 723
769 746
769 946
770 43
770 57
770 238
770 252
770 474
770 480
770 516
770 634
770 750
770 759
770 862
770 939
770 959
771 56
771 286
771 361
771 410
771 533
771 539
771 558
771 631
771 732
771 892
771 923
772 238
772 251
772 316
772 321
772 416
772 460
772 469
772 559
772 715
772 757
772 788
772 838
773 10
773 20
773 174
773 191
773 197
773 375
773 573
773 583
773 785
773 892
773 909
774 4
774 127
774 172
774 264
774 439
774 881
774 940
775 52
775 54
775 407
775 521
775 609
775 651
775 762
775 897
775 913
776 91
776 113
776 404
776 664
776 898
776 949
777 89
777 232
777 329
777 888
777 903
778 69
778 148
778 157
778 221
778 326
778 346
778 357
778 430
778 653
778 711
778 878
778 938
778 946
778 970
779 4
779 209
779 247
779 327
779 669
779 894
779 953
780 60
780 175
780 197
780 240
780 296
780 461
780 836
780 928
780 981
781 6
781 72
781 341
781 569
781 707
781 885
782 31
782 162
782 189
782 198
782 216
782 267
782 333
782 361
782 373
782 442
782 514
782 596
782 681
782 891
783 5
783 245
783 305
783 587
783 723
783 758
783 812
783 815
783 863
783 932
783 934
784 36
784 81
784 172
784 269
784 392
784 481
784 738
784 857
784 867
784 892
784 997
785 348
785 487
785 648
785 693
785 781
785 851
785 940
785 982
786 66
786 73
786 223
786 328
786 393
786 883
786 930
786 953
786 993
787 138
787 142
787 173
787 409
787 457
787 543
787 597
787 658
787 711
787 935
787 957
787 984
788 219
788 344
788 537
788 660
788 674
788 833
789 71
789 482
789 946
789 962
790 77
790 104
790 473
790 562
790 933
791 100
791 184
791 326
791 474
791 500
791 563
791 564
791 647
791 651
791 855
791 876
791 887
792 20
792 138
792 208
792 324
792 509
792 664
792 719
792 739
792 895
792 989
793 53
793 405
793 507
793 552
793 619
793 675
793 867
793 903
794 1
794 153
794 216
794 288
794 411
794 475
794 577
794 804
794 822
795 11
795 165
795 302
795 319
795 350
795 512
795 538
795 560
795 629
795 640
795 692
795 728
795 843
796 24
796 62
796 308
796 418
796 421
796 450
796 531
796 650
797 64
797 194
797 250
797 290
797 311
797 312
797 618
797 722
797 805
797 994
798 61
798 81
798 172
798 231
798 248
798 598
798 971
799 45
799 154
799 328
799 418
799 473
799 547
799 672
799 768
799 837
799 967
800 22
800 316
800 392
800 465
800 466
800 674
800 790
800 860
800 873
800 923
800 945
800 977
801 124
801 180
801 356
801 443
801 466
801 475
801 559
801 701
802 13
802 94
802 154
802 226
802 334
802 357
802 392
802 474
802 694
802 735
802 783
802 863
802 993
803 119
803 259
803 408
803 462
803 536
803 575
803 588
803 725
803 808
803 816
804 10
804 286
804 364
804 513
804 545
804 828
805 79
805 175
805 198
805 260
805 361
805 533
805 555
805 737
805 812
806 145
806 283
806 316
806 520
806 598
806 761
806 794
806 872
806 880
807 0
807 248
807 377
807 511
807 972
807 973
808 95
808 496
808 713
808 738
808 848
808 919
809 214
809 312
809 316
809 489
809 552
809 983
810 45
810 67
810 89
810 291
810 377
810 576
810 670
810 673
810 711
810 787
810 826
810 950
811 30
811 151
811 212
811 250
811 373
811 382
811 489
811 497
811 733
811 751
811 868
811 996
812 49
812 166
812 186
812 322
812 391
812 608
812 650
812 652
813 70
813 164
813 240
813 289
813 317
813 497
813 590
813 653
814 14
814 158
814 200
814 338
814 489
814 656
814 729
814 820
814 855
815 18
815 21
815 143
815 251
815 387
815 396
815 416
815 494
815 540
815 599
815 900
815 949
815 972
816 83
816 183
816 257
816 276
816 342
816 448
816 702
816 725
816 934
817 187
817 286
817 292
817 537
817 982
818 8
818 16
818 45
818 182
818 373
818 736
818 817
818 828
818 843
818 863
818 895
819 32
819 198
819 263
819 346
819 495
819 554
819 558
819 647
819 757
819 839
819 935
820 129
820 153
820 162
820 328
820 527
820 543
820 720
820 781
820 802
820 836
820 904
821 62
821 926
822 331
822 415
822 476
822 488
822 836
822 988
823 73
823 253
823 380
823 430
823 582
823 800
823 834
823 844
824 520
824 581
824 708
824 740
824 891
824 940
825 179
825 252
825 307
825 343
825 440
825 560
825 632
825 653
825 677
825 722
825 725
825 743
825 879
826 17
826 141
826 205
826 615
826 638
826 698
826 895
826 935
827 41
827 143
827 228
827 268
827 339
827 422
827 584
827 720
827 788
827 904
827 918
827 937
827 958
828 71
828 332
828 507
828 577
828 713
828 825
828 938
828 986
829 37
829 276
829 384
829 509
829 620
829 654
829 986
830 18
830 46
830 954
831 410
831 486
831 645
831 767
831 817
831 942
832 441
832 656
832 702
832 714
832 716
832 875
832 928
833 36
833 106
833 170
833 197
833 472
833 530
833 617
833 817
833 850
833 880
833 927
833 939
834 51
834 109
834 222
834 229
834 313
834 315
834 374
834 431
834 977
835 56
835 285
835 309
835 328
835 518
835 521
835 689
835 750
835 754
835 787
835 854
835 918
836 3
836 96
836 184
836 236
836 261
836 368
836 491
836 591
836 656
837 65
837 219
837 254
837 276
837 362
837 399
837 457
837 461
837 625
837 684
837 733
837 964
838 144
838 815
838 893
838 969
839 110
839 140
839 283
839 365
839 467
839 470
839 637
839 669
839 727
839 778
839 797
839 959
840 256
840 278
840 293
840 480
840 712
840 768
840 811
840 818
840 913
840 933
840 950
840 977
840 989
841 42
841 98
841 176
841 483
841 582
841 678
841 896
842 21
842 44
842 46
842 140
842 331
842 607
842 661
842 686
842 933
843 4
843 54
843 63
843 150
843 376
843 430
843 484
843 654
843 826
843 968
844 106
844 228
844 261
844 280
844 327
844 575
844 594
844 658
844 815
844 835
844 900
845 75
845 76
845 135
845 201
845 225
845 247
845 433
845 523
845 567
845 720
845 766
845 920
845 950
845 958
846 3
846 65
846 186
846 284
846 287
846 307
846 314
846 484
846 848
846 864
846 913
847 69
847 98
847 126
847 257
847 357
847 433
847 498
847 630
847 652
847 708
847 721
847 754
847 774
847 793
847 882
847 894
848 32
848 144
848 178
848 368
848 370
848 400
848 477
848 483
848 535
848 628
848 776
848 943
848 966
848 997
849 125
849 517
849 648
849 713
849 862
849 887
849 912
850 11
850 163
850 233
850 249
850 309
850 332
850 347
850 348
850 370
850 625
850 705
850 751
851 25
851 63
851 74
851 147
851 206
851 315
851 392
851 484
851 523
851 638
851 678
851 694
851 879
851 887
851 914
851 972
852 57
852 107
852 168
852 223
852 338
852 367
852 380
852 386
852 388
852 445
852 455
852 585
852 955
853 100
853 240
853 260
853 298
853 313
853 314
853 406
853 416
853 469
853 681
853 800
853 839
854 38
854 155
854 223
854 459
854 533
854 538
854 560
854 607
854 610
854 624
854 793
854 831
855 79
855 156
855 214
855 354
855 478
855 517
855 535
855 647
855 673
855 852
855 910
855 943
856 129
856 130
856 204
856 243
856 254
856 277
856 311
856 377
856 408
856 431
856 652
856 691
856 809
856 832
857 43
857 165
857 178
857 333
857 445
857 449
857 460
857 463
857 751
857 780
857 854
857 979
858 35
858 72
858 97
858 114
858 128
858 150
858 180
858 389
858 417
858 559
858 606
858 660
858 774
858 978
858 985
859 297
859 303
859 589
859 598
859 642
859 688
859 702
859 755
859 984
860 149
860 220
860 661
860 798
860 832
860 846
860 868
860 875
860 898
860 899
861 20
861 38
861 439
861 558
861 687
861 701
861 712
861 788
861 794
861 838
861 940
861 941
861 984
862 18
862 63
862 131
862 183
862 255
862 308
862 380
862 441
862 462
862 544
862 617
862 723
862 803
862 872
863 127
863 270
863 313
863 338
863 361
863 693
863 872
863 924
864 15
864 119
864 358
864 362
864 487
864 538
864 728
864 842
864 961
865 44
865 81
865 211
865 257
865 311
865 356
865 443
865 562
865 721
865 811
866 107
866 167
866 387
866 454
866 519
866 559
866 591
866 679
866 683
866 777
866 923
867 88
867 111
867 143
867 323
867 548
867 606
867 679
868 131
868 189
868 286
868 418
868 446
868 587
869 20
869 112
869 604
869 721
869 809
869 858
869 995
870 57
870 106
870 145
870 163
870 207
870 237
870 264
870 480
870 652
870 865
871 280
871 484
871 710
871 791
871 879
871 980
872 90
872 281
872 298
872 366
872 414
872 475
872 589
872 647
872 683
872 703
872 892
872 998
873 10
873 46
873 48
873 52
873 117
873 143
873 279
873 330
873 528
873 719
873 729
873 839
873 890
873 947
873 993
874 51
874 243
874 472
874 537
874 882
874 946
874 978
875 16
875 359
875 602
875 604
875 621
875 755
875 778
875 998
876 14
876 152
876 235
876 272
876 442
876 548
876 571
876 594
876 690
876 868
877 43
877 331
877 395
877 408
877 523
877 591
877 607
877 730
877 754
878 12
878 176
878 220
878 263
878 325
878 400
878 456
878 611
878 891
878 950
879 107
879 156
879 227
879 278
879 295
879 470
879 477
879 489
879 535
879 690
879 785
879 857
879 890
880 10
880 17
880 157
880 297
880 471
880 566
880 687
880 817
880 826
880 828
880 843
880 934
881 59
881 103
881 161
881 448
881 622
881 695
881 719
881 912
881 918
882 53
882 217
882 230
882 350
882 663
882 834
883 275
883 303
883 320
883 358
883 430
883 445
883 466
883 665
883 697
883 886
884 23
884 85
884 160
884 238
884 258
884 448
884 486
884 677
884 690
884 734
884 796
884 843
885 81
885 95
885 160
885 183
885 353
885 470
885 619
885 656
885 703
885 811
885 868
885 885
885 981
886 55
886 90
886 95
886 109
886 321
886 467
886 597
886 704
886 840
887 44
887 160
887 326
887 539
887 653
887 679
887 707
887 905
887 933
888 30
888 138
888 173
888 228
888 343
888 366
888 427
888 921
888 929
889 54
889 135
889 164
889 194
889 235
889 332
889 388
889 421
889 574
889 869
889 888
889 900
890 60
890 109
890 137
890 259
890 389
890 458
890 628
890 742
890 748
890 847
890 924
891 94
891 147
891 246
891 454
891 600
891 630
891 705
891 804
891 851
891 870
892 113
892 180
892 217
892 218
892 334
892 368
892 377
892 422
892 430
892 431
892 727
893 11
893 162
893 171
893 316
893 376
893 401
893 402
893 408
893 444
893 505
893 661
893 677
893 688
893 760
893 828
893 995
894 7
894 52
894 347
894 378
894 532
894 623
894 776
894 806
894 855
894 856
894 867
894 944
894 958
895 404
895 517
895 624
895 648
895 739
895 783
895 784
895 916
895 960
895 976
896 6
896 38
896 55
896 119
896 161
896 252
896 330
896 349
896 391
896 571
896 635
896 646
896 689
897 129
897 165
897 335
897 390
897 491
897 532
897 795
897 967
897 988
898 60
898 64
898 134
898 160
898 274
898 283
898 299
898 343
898 437
898 479
898 606
898 781
898 987
899 40
899 118
899 148
899 256
899 337
899 347
899 380
899 397
899 499
899 535
899 887
900 54
900 234
900 298
900 386
900 497
900 542
900 905
901 196
901 209
901 376
901 384
901 405
901 569
901 999
902 166
902 234
902 330
902 500
902 570
902 682
902 792
902 802
902 845
902 997
903 40
903 46
903 72
903 160
903 272
903 364
903 544
903 574
903 783
903 795
903 835
903 952
904 5
904 61
904 217
904 234
904 296
904 404
904 423
904 551
904 678
904 689
904 864
905 27
905 65
905 73
905 92
905 343
905 462
905 555
905 643
905 720
905 770
905 810
905 815
906 54
906 109
906 220
906 364
906 376
906 496
906 815
907 427
907 476
907 580
907 581
907 608
907 699
907 793
907 887
907 991
908 6
908 139
908 210
908 225
908 296
908 340
908 487
908 562
908 579
908 592
908 638
908 657
908 762
908 848
908 923
908 939
909 156
909 183
909 522
909 628
909 694
909 720
909 755
909 859
909 893
910 85
910 187
910 288
910 382
910 450
910 468
910 500
910 501
910 775
910 864
910 879
911 286
911 356
911 384
911 598
911 716
911 821
911 822
911 843
911 860
911 916
912 250
912 328
912 544
912 546
912 591
912 613
912 644
912 657
912 734
912 948
913 98
913 196
913 411
913 426
913 476
913 510
913 528
913 660
913 675
913 732
913 917
914 77
914 136
914 408
914 713
915 113
915 280
915 465
915 514
915 586
915 607
915 812
915 894
916 48
916 69
916 79
916 482
916 515
916 611
916 650
916 702
916 854
916 867
916 868
916 887
916 922
917 35
917 95
917 407
917 642
917 661
918 68
918 89
918 97
918 327
918 405
918 470
918 761
918 880
919 19
919 205
919 298
919 397
919 400
919 493
920 121
920 306
920 345
920 417
920 718
920 756
920 953
920 967
921 44
921 99
921 141
921 186
921 247
921 316
921 770
921 832
921 853
922 110
922 244
922 326
922 522
922 557
922 624
922 648
922 821
922 834
922 917
923 33
923 178
923 206
923 251
923 548
923 746
923 764
923 995
924 11
924 27
924 424
924 478
924 660
924 709
924 720
924 728
924 756
924 810
924 881
924 917
925 197
925 242
925 336
925 520
925 581
925 817
925 907
926 45
926 146
926 194
926 207
926 350
926 356
926 403
926 534
926 538
926 545
926 551
926 620
927 173
927 184
927 283
927 409
927 496
927 523
927 631
927 660
927 675
927 699
927 882
927 937
928 59
928 129
928 171
928 190
928 321
928 346
928 554
928 646
928 653
928 755
928 784
928 957
928 967
929 31
929 266
929 285
929 402
929 485
929 817
929 821
929 829
929 857
929 904
930 140
930 346
930 622
930 677
930 783
930 933
930 936
931 143
931 521
931 581
931 619
931 852
931 880
932 90
932 112
932 200
932 269
932 289
932 395
932 418
932 734
932 767
932 772
932 806
933 17
933 95
933 330
933 443
933 452
933 459
933 634
933 823
933 868
933 892
934 15
934 57
934 77
934 177
934 283
934 585
934 642
934 716
934 843
934 911
935 161
935 197
935 258
935 326
935 644
935 832
936 60
936 88
936 110
936 159
936 291
936 345
936 420
936 527
936 544
936 649
936 841
936 844
936 908
937 68
937 116
937 134
937 234
937 282
937 379
937 408
937 453
937 507
937 556
937 868
937 896
938 25
938 148
938 210
938 215
938 252
938 284
938 328
938 440
938 456
938 586
938 782
938 834
938 968
939 96
939 105
939 388
939 553
939 594
939 606
939 614
939 619
939 646
939 746
939 761
939 805
939 969
939 992
940 40
940 67
940 181
940 216
940 304
940 610
940 628
940 865
940 876
940 973
941 92
941 94
941 149
941 217
941 236
941 353
941 365
941 410
941 431
941 710
941 835
941 972
942 191
942 452
942 525
942 560
942 619
942 791
942 871
942 934
942 946
943 69
943 82
943 129
943 232
943 342
943 482
943 510
943 546
943 668
943 704
943 752
943 834
944 94
944 145
944 150
944 184
944 525
944 670
944 692
944 743
944 800
944 851
944 858
944 859
944 883
945 136
945 265
945 474
945 545
945 551
945 798
945 940
946 44
946 86
946 148
946 212
946 271
946 272
946 293
946 329
946 600
946 715
946 891
946 988
947 93
947 108
947 236
947 314
947 392
947 401
947 422
947 445
947 594
947 898
947 997
948 189
948 308
948 474
948 547
948 562
948 945
949 135
949 236
949 250
949 464
949 946
950 148
950 204
950 242
950 436
950 613
950 654
950 669
950 709
950 734
950 809
950 834
950 942
950 953
950 979
951 15
951 350
951 405
951 453
951 483
951 490
951 747
951 803
951 825
951 900
952 34
952 189
952 373
952 450
952 596
952 898
952 952
953 117
953 202
953 321
953 487
953 545
953 894
953 904
954 24
954 90
954 92
954 171
954 223
954 274
954 324
954 442
954 483
954 569
954 680
954 797
954 970
955 43
955 93
955 133
955 179
955 193
955 274
955 313
955 367
955 381
955 573
955 906
955 961
955 992
956 63
956 284
956 516
956 626
956 711
956 923
957 374
957 520
957 595
957 682
957 880
958 15
958 41
958 159
958 287
958 343
958 405
958 609
958 653
958 655
958 801
958 911
959 74
959 170
959 512
959 527
959 537
959 601
959 796
959 801
959 855
959 960
959 988
960 55
960 84
960 115
960 748
960 787
961 24
961 52
961 84
961 127
961 162
961 251
961 303
961 383
961 422
961 789
961 816
961 880
962 91
962 151
962 207
962 256
962 311
962 390
962 583
962 671
962 734
962 765
962 803
962 957
962 978
963 161
963 262
963 320
963 389
963 396
963 449
963 466
963 524
963 608
963 758
963 880
963 952
964 290
964 342
964 572
964 586
964 628
964 673
964 936
964 982
965 37
965 41
965 105
965 207
965 292
965 345
965 502
965 678
965 762
965 928
965 934
965 942
966 98
966 154
966 214
966 253
966 274
966 436
966 496
966 785
966 902
967 240
967 272
967 532
967 603
967 644
967 851
967 912
967 917
968 62
968 164
968 172
968 175
968 190
968 425
968 599
968 864
968 907
968 949
969 175
969 284
969 370
969 431
969 453
969 538
969 568
969 675
969 688
969 718
969 739
969 787
969 816
969 983
970 301
970 363
970 518
970 607
970 714
970 735
970 948
970 957
970 985
970 990
971 48
971 83
971 164
971 569
971 584
971 704
971 721
971 730
971 753
971 768
972 107
972 341
972 353
972 373
972 483
972 555
972 815
973 120
973 127
973 140
973 381
973 453
973 480
973 482
973 498
973 509
973 949
974 87
974 181
974 284
974 348
974 365
974 397
974 468
974 520
974 544
974 545
974 601
974 640
974 800
974 875
974 937
975 45
975 294
975 343
975 421
975 649
975 706
975 795
975 869
975 889
976 64
976 75
976 85
976 203
976 250
976 425
976 444
976 645
976 686
976 790
976 851
976 885
976 912
977 17
977 50
977 79
977 119
977 153
977 469
977 563
977 802
977 842
978 70
978 76
978 81
978 138
978 159
978 173
978 269
978 393
978 506
978 552
978 691
978 699
978 809
978 810
978 921
978 994
979 51
979 57
979 122
979 180
979 213
979 224
979 336
979 502
979 507
979 524
979 579
979 621
979 814
979 857
979 961
980 33
980 124
980 127
980 306
980 309
980 331
980 451
980 458
980 464
980 466
980 493
980 650
980 706
980 808
981 77
981 145
981 318
981 460
981 511
981 533
981 734
981 857
982 158
982 169
982 268
982 424
982 428
982 447
982 549
982 573
982 614
982 621
982 622
982 626
982 696
982 714
982 772
982 796
982 812
982 839
982 889
982 907
982 925
982 978
983 38
983 321
983 493
983 648
983 673
983 839
983 916
984 61
984 85
984 129
984 150
984 232
984 322
984 392
984 397
984 437
984 581
984 698
985 73
985 167
985 332
985 634
985 685
985 764
985 775
985 801
985 857
985 912
985 976
986 173
986 180
986 184
986 332
986 343
986 560
986 590
986 638
986 649
986 803
986 816
986 869
986 907
986 970
987 519
987 527
987 595
987 698
987 855
987 972
988 134
988 168
988 183
988 298
988 347
988 448
988 469
988 475
988 524
988 680
988 683
988 807
988 897
989 42
989 172
989 310
989 341
989 448
989 550
989 648
989 660
989 674
989 685
989 706
989 720
989 763
989 828
989 885
989 923
989 951
990 135
990 142
990 231
990 362
990 414
990 488
990 655
990 695
990 799
990 879
990 884
991 129
991 145
991 161
991 252
991 307
991 369
991 512
991 544
991 582
991 583
991 808
991 877
991 917
991 942
991 966
992 33
992 46
992 155
992 259
992 269
992 338
992 353
992 373
992 399
992 428
992 442
992 749
992 761
992 878
992 917
993 212
993 233
993 241
993 242
993 566
993 569
993 999
994 9
994 152
994 255
994 293
994 320
994 515
994 551
994 723
994 824
994 851
994 889
995 55
995 58
995 219
995 630
995 632
995 676
995 791
995 811
995 895
995 914
996 78
996 191
996 201
996 204
996 497
996 568
996 849
997 140
997 203
997 291
997 306
997 456
997 697
997 729
997 754
997 797
997 874
997 875
998 280
998 396
998 624
998 695
998 718
998 857
998 875
998 991
999 265
999 407
999 859
999 907
999 996
