443 433
433 443
443 442
442 452
452 442
442 443
443 453
453 454
454 455
455 454
454 444
444 445
445 446
446 456
456 466
466 467
467 468
468 469
469 468
468 478
478 488
488 487
487 486
486 485
485 486
486 496
496 486
496 495
495 494
494 495
494 493
493 492
492 491
491 490
490 500
500 501
501 502
502 512
512 511
511 501
501 500
500 509
509 500
501 511
511 510
510 520
520 510
510 500
500 510
520 530
530 540
540 549
549 559
559 550
550 551
551 552
552 551
551 561
561 571
571 570
570 571
571 581
581 582
582 581
581 591
591 581
581 571
582 583
583 573
573 563
563 564
564 554
554 544
544 545
545 546
546 556
556 546
556 555
555 556
556 566
566 576
576 586
586 576
576 566
566 567
567 566
762 761
761 762
762 772
772 773
773 763
763 773
773 774
774 764
764 774
774 784
784 783
783 782
782 781
781 782
782 792
792 793
793 803
803 804
804 794
794 795
795 794
794 784
784 774
774 775
775 776
776 777
777 776
776 766
766 765
765 764
764 763
784 785
785 795
795 796
796 806
806 816
816 826
826 825
825 826
826 827
827 828
828 838
838 848
848 847
847 846
846 856
856 857
857 858
858 868
868 878
878 879
879 889
889 899
899 898
898 897
897 887
887 877
877 867
867 877
877 878
879 878
878 888
888 887
887 888
888 878
878 868
868 869
869 860
860 861
861 871
871 881
881 871
881 882
882 872
872 882
882 881
882 892
892 891
891 890
890 891
891 892
892 893
893 892
892 882
892 902
902 912
53 63
63 64
64 54
54 53
53 54
54 44
44 43
43 42
42 41
41 40
40 50
50 59
59 69
69 60
60 70
70 60
60 69
69 59
60 50
59 49
49 40
40 41
41 51
51 61
61 62
62 63
63 53
53 43
43 53
43 33
33 23
23 22
22 12
12 2
2 1
1 11
11 1
1 2
2 992
992 982
982 992
992 991
991 981
981 971
971 970
970 960
960 950
950 940
940 949
949 939
939 930
930 939
939 949
949 948
948 947
947 957
957 958
958 957
957 956
956 955
955 954
954 964
964 954
954 955
955 956
955 945
945 955
955 965
965 966
966 967
967 966
967 968
968 978
978 968
968 958
958 948
948 949
939 938
938 948
947 946
946 956
956 957
956 946
946 936
426 436
436 446
446 436
436 435
435 436
436 426
426 427
427 426
426 425
425 426
425 424
424 425
425 435
435 434
434 444
444 434
434 424
424 414
414 413
413 414
414 404
404 405
405 406
406 396
396 386
386 385
385 375
375 365
365 355
355 365
365 366
366 365
365 375
375 374
374 373
373 383
383 384
384 385
385 384
384 394
394 393
393 383
383 382
382 392
392 393
393 392
392 402
402 401
401 411
411 412
412 411
412 422
422 412
411 421
421 431
431 432
432 433
433 432
432 422
422 421
421 422
412 413
413 423
423 422
421 420
420 429
429 420
429 439
439 438
438 448
448 447
447 446
436 437
437 427
826 836
836 835
835 834
834 844
844 843
843 842
842 841
841 840
840 841
841 851
851 852
852 853
853 863
863 853
853 852
852 862
862 863
863 873
873 874
874 884
884 885
885 895
895 896
896 895
895 885
885 875
875 865
865 866
866 867
867 857
858 857
857 867
877 876
876 875
865 864
864 874
874 864
864 854
854 844
844 854
854 853
853 843
843 853
863 862
862 861
861 851
852 842
842 852
852 851
851 850
850 860
860 869
869 879
889 880
880 870
870 860
860 870
870 879
869 859
859 869
861 862
863 864
864 865
865 855
855 845
845 835
835 845
845 846
846 847
856 866
866 865
865 875
875 876
876 877
876 866
912 902
902 901
901 911
911 910
910 900
900 909
909 908
908 898
898 888
887 897
897 898
898 908
887 886
886 896
896 906
906 905
905 915
915 925
925 915
915 914
914 915
925 935
935 945
945 944
944 943
943 942
942 932
932 922
922 912
912 913
913 912
902 903
903 893
893 883
883 873
874 873
873 863
842 843
843 833
833 834
834 833
833 823
823 813
813 814
814 824
824 814
814 815
815 814
814 813
815 816
816 815
814 804
804 805
805 804
794 804
804 803
803 813
813 823
823 822
822 812
812 811
811 810
810 800
800 809
809 799
799 790
790 791
686 696
696 695
695 685
685 695
685 675
675 676
676 686
686 687
687 688
688 698
698 697
697 707
707 717
717 716
716 715
715 725
725 726
726 727
727 737
737 747
747 746
746 747
746 736
736 726
726 736
726 725
725 724
724 723
723 724
724 725
725 715
715 714
714 715
715 716
716 726
726 716
716 717
714 704
704 705
705 704
704 694
694 695
695 696
696 706
706 696
706 716
715 705
705 706
696 686
686 685
685 686
697 687
687 677
677 667
667 677
677 687
697 696
706 707
707 697
706 705
705 715
725 735
735 745
987 977
977 976
976 986
986 996
996 995
995 994
994 995
995 996
996 986
986 985
985 975
975 976
986 987
987 986
985 986
977 967
967 977
976 977
977 987
987 997
997 7
7 6
6 996
994 4
4 3
3 2
1 0
0 9
9 8
8 9
9 0
0 990
990 980
980 990
990 999
999 990
999 998
998 997
997 996
996 997
7 8
8 998
998 988
988 989
989 988
988 978
978 988
988 987
995 5
5 15
15 25
25 35
35 34
34 24
24 25
25 24
35 25
25 15
15 16
16 17
17 7
6 5
5 4
4 994
4 5
15 14
14 15
17 18
18 28
989 980
980 970
970 979
979 970
970 971
971 972
972 971
970 980
950 951
951 961
961 962
962 961
961 960
960 970
980 989
966 956
946 947
957 947
957 967
967 957
936 935
954 944
944 934
934 944
944 945
956 966
954 953
953 943
943 944
934 924
924 914
914 904
904 894
894 884
885 886
886 887
888 898
897 896
896 897
888 889
899 889
889 888
647 657
657 647
647 637
637 627
627 637
627 628
628 629
629 619
619 610
610 611
611 621
621 611
611 612
612 611
611 601
601 611
612 602
602 592
592 582
571 572
572 582
582 572
572 573
573 574
574 575
575 565
565 555
555 565
565 564
564 565
565 566
586 585
585 575
575 585
585 586
576 577
577 567
566 556
554 555
546 536
536 526
526 536
536 546
546 547
547 537
537 538
538 539
539 530
530 531
531 541
541 542
542 532
532 522
522 523
523 513
513 503
503 513
513 514
514 524
524 514
524 525
525 526
526 525
525 515
515 525
525 524
524 534
534 524
524 523
523 533
533 543
543 544
544 554
554 564
564 574
574 573
92 91
91 92
92 93
93 92
93 103
103 104
104 114
114 113
113 114
114 115
115 125
125 135
135 125
125 115
115 114
115 105
105 95
95 85
85 95
95 94
94 95
94 93
93 83
83 82
82 81
81 71
71 81
81 91
91 101
101 102
102 92
92 102
102 101
101 100
100 101
101 111
111 112
112 111
111 121
121 131
131 132
132 131
131 130
130 131
131 141
141 142
142 152
152 151
151 161
161 151
151 141
141 140
140 149
149 148
148 149
149 140
140 150
150 160
160 170
170 160
160 161
161 162
162 161
161 171
171 172
172 162
162 152
152 162
161 160
160 169
169 168
168 158
158 148
148 147
147 137
137 138
138 148
148 138
138 139
139 138
147 146
146 145
145 144
144 154
154 144
144 134
134 135
571 561
561 560
560 570
570 580
580 589
589 599
599 609
609 619
619 629
629 620
620 621
621 631
631 621
621 622
622 612
602 601
601 600
600 609
601 602
592 593
593 583
583 584
584 583
573 583
583 593
593 594
594 595
595 596
596 606
606 616
616 606
606 607
607 606
616 617
617 607
606 596
596 586
585 595
595 605
605 606
596 597
597 607
607 617
617 627
627 617
617 616
617 618
618 608
608 607
607 597
597 598
598 608
608 598
598 597
597 587
587 577
577 576
567 557
557 567
557 556
567 568
568 578
578 577
576 575
575 576
496 497
497 498
498 508
508 498
498 488
487 477
477 467
467 457
457 447
447 457
447 437
437 438
438 439
439 429
439 430
430 431
431 441
441 431
431 421
441 451
451 452
452 453
453 443
442 441
441 442
452 462
462 463
463 453
454 464
464 474
474 475
475 476
476 475
475 465
465 464
475 485
485 495
495 505
505 504
504 505
505 495
495 496
496 506
506 507
507 517
517 518
518 508
508 509
509 519
519 510
510 519
519 518
518 528
528 527
527 528
528 538
538 537
530 539
530 520
539 529
529 520
541 551
551 550
550 560
560 569
569 568
568 558
558 557
566 565
565 575
474 484
484 474
484 494
494 484
484 483
483 482
482 481
481 471
471 461
461 460
460 470
470 480
480 470
470 479
479 489
489 488
488 478
486 487
469 460
470 471
471 472
472 471
471 470
470 460
460 450
450 440
440 441
454 453
474 473
473 474
473 483
483 484
484 485
485 484
483 493
493 483
483 473
473 463
463 464
464 465
465 475
497 496
495 485
485 475
475 474
493 494
494 504
504 514
514 513
513 512
512 522
522 521
521 520
520 529
529 539
540 550
580 581
338 337
337 347
347 337
337 336
336 337
336 326
326 327
327 328
328 338
338 348
348 349
349 339
339 338
338 328
328 327
327 326
326 325
325 324
324 325
324 314
314 315
315 316
316 326
327 337
337 327
326 316
316 306
306 296
296 297
297 307
307 308
308 318
318 328
348 338
328 318
318 308
308 307
307 297
297 296
296 306
306 307
307 317
317 318
318 317
317 316
307 306
306 316
316 317
317 327
327 317
328 329
329 328
318 319
319 310
310 311
311 321
321 320
320 310
310 320
310 319
319 318
329 320
320 321
321 331
331 321
321 311
311 312
312 322
7 997
997 998
998 8
8 7
997 987
987 988
988 998
998 999
999 989
989 999
8 18
18 17
17 27
27 37
37 38
38 39
39 38
39 29
29 19
19 29
29 20
20 30
30 39
20 21
21 31
31 41
41 42
42 32
32 33
33 32
32 31
31 21
21 11
1 991
981 982
982 983
983 982
982 972
972 982
982 981
981 991
972 973
973 963
963 962
962 963
963 964
964 963
964 974
974 964
953 963
963 973
973 974
974 975
975 985
977 978
978 979
979 989
989 979
979 969
969 959
510 511
511 521
521 511
511 512
521 522
522 532
532 531
531 532
532 542
542 543
543 533
544 534
514 504
504 494
493 503
503 502
501 491
491 492
492 493
502 492
492 502
502 503
525 535
535 545
545 535
535 525
523 524
534 533
543 553
553 552
552 553
553 554
555 545
536 535
535 534
534 535
534 544
544 543
555 554
337 338
336 335
335 345
345 344
344 334
334 333
333 334
333 332
332 333
332 342
342 343
343 353
353 343
353 363
363 373
373 374
373 372
372 362
362 372
362 352
352 362
352 353
372 371
371 370
370 371
371 381
381 371
381 380
380 389
389 388
388 389
388 398
398 388
388 378
378 368
368 378
378 377
377 367
367 357
357 367
367 366
366 367
357 358
358 359
359 369
369 360
360 361
361 362
372 373
374 375
375 385
385 395
395 396
396 395
395 405
405 415
415 414
404 403
403 402
402 392
392 391
391 401
423 413
333 343
353 354
354 364
364 363
363 353
353 352
352 342
342 332
334 344
344 354
363 364
364 374
374 364
364 365
365 364
374 384
384 383
383 373
384 374
373 363
363 362
362 363
362 361
361 351
351 341
341 340
340 349
349 348
348 358
358 368
378 379
379 370
371 372
380 370
370 379
379 369
369 359
359 358
358 348
308 298
298 297
297 298
298 299
299 290
290 300
300 309
309 299
299 309
309 308
347 348
368 369
603 593
593 603
607 608
608 618
618 617
616 626
626 636
636 626
626 616
616 615
615 614
614 615
615 605
605 615
615 625
625 615
625 626
608 609
609 608
609 599
599 590
590 599
610 620
620 610
621 620
610 600
600 601
592 591
591 592
594 604
604 605
605 595
637 647
647 648
648 638
638 639
639 649
649 648
638 637
637 636
636 646
646 647
637 638
639 629
746 745
745 746
747 757
757 758
758 757
758 748
748 747
747 748
748 738
738 748
738 739
739 729
729 719
719 718
718 719
719 729
729 739
739 730
730 740
740 730
730 731
731 741
741 740
740 741
741 742
742 743
743 753
753 754
754 764
764 754
775 765
763 764
763 753
753 743
753 763
764 765
765 775
775 774
774 773
773 772
772 782
792 791
791 790
791 801
801 802
802 812
812 822
822 823
823 824
824 823
822 832
832 842
823 833
824 834
834 824
824 825
825 824
322 321
321 322
322 323
323 333
343 342
342 352
361 371
371 361
361 360
360 370
380 390
390 400
400 390
390 391
401 402
411 401
401 391
401 400
400 409
409 419
419 418
418 408
408 409
409 408
408 398
398 397
397 407
407 406
386 387
387 397
397 398
407 408
408 407
406 405
405 404
404 414
414 424
404 394
394 404
406 407
407 397
397 387
387 386
393 394
393 403
403 404
403 413
414 415
415 405
415 416
416 406
713 723
723 713
713 714
714 713
713 703
703 702
702 712
712 713
724 734
734 733
733 734
734 735
735 734
734 744
744 734
745 735
745 744
744 745
746 756
756 755
755 756
756 766
765 766
766 776
766 756
756 757
757 767
767 757
748 758
758 759
759 758
759 749
749 759
759 769
769 759
749 740
740 750
750 740
740 749
749 739
730 720
720 730
720 710
710 711
711 721
721 731
731 730
742 752
752 751
751 752
752 742
743 742
743 733
733 732
732 731
710 700
700 710
711 712
712 702
702 701
701 702
702 692
394 384
406 416
416 426
424 423
422 423
423 433
432 431
451 461
461 471
461 462
462 452
452 451
442 432
432 442
465 466
466 456
456 446
446 447
437 436
435 445
445 435
435 425
425 415
416 415
413 412
412 402
402 403
413 403
403 393
394 395
395 385
395 394
402 412
450 451
460 469
469 479
488 498
498 497
477 476
476 466
466 476
476 477
477 478
478 479
479 469
468 467
467 477
477 487
486 476
476 486
489 499
499 489
499 490
490 491
492 482
482 472
472 482
481 482
471 481
481 480
480 481
481 491
491 481
480 490
490 499
499 509
519 529
500 490
489 479
479 478
488 489
499 498
508 507
517 527
527 517
509 508
125 126
126 136
136 146
146 147
147 157
157 158
158 168
168 169
169 160
169 179
179 189
189 188
188 187
187 188
188 189
189 199
199 198
198 199
199 189
199 190
190 200
200 209
209 200
209 208
208 207
207 197
197 187
188 178
178 168
158 157
168 178
178 177
177 167
167 157
157 167
167 168
177 178
178 179
179 178
170 179
179 169
169 159
159 149
150 151
151 152
152 142
152 153
153 154
154 164
164 174
174 173
173 174
174 175
175 165
165 164
164 163
163 153
134 133
133 143
143 133
143 144
133 123
123 113
113 123
123 124
124 123
123 133
133 132
130 140
149 159
159 150
459 450
450 459
459 449
449 459
459 469
487 488
498 499
489 480
482 492
472 462
462 472
462 461
453 452
451 441
482 483
497 487
497 507
906 896
895 905
904 914
914 913
913 923
923 913
913 903
903 913
902 892
872 871
871 870
870 880
880 881
882 883
883 884
884 874
874 875
866 856
857 847
847 848
848 838
838 839
839 838
838 828
828 827
827 837
837 838
838 837
837 847
847 857
857 856
867 868
868 867
867 866
847 837
837 827
846 836
836 846
846 845
848 858
899 909
908 918
918 908
908 909
909 899
889 879
879 869
548 538
540 530
539 549
549 548
549 539
539 538
538 548
548 547
547 548
547 546
586 596
596 595
574 564
554 553
552 542
542 541
551 541
541 531
531 530
548 549
549 540
540 541
542 552
993 992
991 992
992 2
2 12
12 22
22 23
22 21
21 20
20 29
20 10
10 11
11 21
21 22
2 3
3 993
992 993
993 983
983 973
961 951
962 952
952 951
951 950
940 950
950 960
951 952
940 941
941 942
942 941
941 940
952 942
942 943
942 952
960 961
962 972
991 1
11 12
23 33
32 42
533 532
531 521
512 502
491 501
503 504
514 515
515 516
516 515
515 505
505 506
506 505
533 523
543 542
532 533
520 521
521 531
503 493
96 86
86 87
87 86
86 76
76 66
66 65
65 55
55 45
45 44
44 34
34 35
14 24
25 26
26 16
16 15
14 4
5 6
15 5
5 995
996 6
979 978
978 977
7 17
17 16
18 19
29 39
39 49
49 59
69 68
68 78
78 88
88 87
86 85
85 75
75 74
74 64
63 73
73 72
72 73
73 63
53 52
52 42
33 34
34 44
581 580
580 570
570 560
560 561
561 562
562 552
523 522
526 527
528 529
529 519
570 579
579 569
557 558
558 548
561 551
568 567
567 577
586 587
587 588
588 598
598 599
599 598
609 600
600 610
600 590
590 591
572 562
562 563
563 562
563 573
574 584
584 574
971 961
961 971
960 969
959 958
966 965
965 964
964 965
965 955
945 946
946 945
893 894
884 883
873 872
864 863
853 854
851 861
862 872
872 862
862 852
841 842
842 832
832 833
833 843
843 844
844 845
835 825
815 805
805 795
795 805
390 399
399 390
390 380
380 381
381 391
423 424
424 434
434 433
431 430
430 440
440 450
440 430
430 439
448 458
458 448
458 468
478 477
480 489
790 780
780 770
770 760
760 750
750 751
742 732
732 722
722 721
721 720
710 719
718 717
717 727
727 717
727 728
728 729
729 720
720 729
719 709
709 699
699 709
709 700
700 709
699 690
690 699
709 719
719 710
700 701
692 691
691 692
692 693
693 703
703 713
704 714
724 714
705 695
696 697
707 706
697 698
698 708
708 718
717 718
718 728
728 738
738 737
737 736
736 737
747 737
737 727
728 718
310 300
300 310
319 329
320 329
329 339
339 349
349 340
340 330
330 320
339 330
329 319
300 290
300 301
301 311
311 310
326 336
335 336
336 346
346 356
356 355
355 356
356 346
356 366
366 376
376 366
366 356
346 336
335 334
334 335
338 339
339 329
657 667
667 666
666 656
656 666
666 665
665 675
676 666
666 667
667 657
648 658
658 659
659 669
669 660
660 669
669 659
669 679
679 669
660 670
670 680
680 681
681 691
691 690
690 700
700 690
710 720
720 721
721 722
721 711
711 701
701 700
699 689
689 680
691 701
703 704
694 704
703 693
693 694
686 676
676 677
677 676
665 666
656 657
657 658
658 668
668 658
669 668
668 669
660 650
650 659
659 658
658 657
577 587
587 586
577 578
578 579
579 578
578 568
548 558
558 568
590 600
602 612
611 610
610 619
620 629
629 639
629 628
628 638
638 628
628 618
618 619
620 630
630 640
640 630
630 620
640 641
641 651
651 641
651 661
661 662
662 661
661 660
670 660
660 661
662 663
663 664
664 665
675 685
685 684
684 683
683 684
684 674
441 440
449 448
448 438
439 449
449 439
429 419
419 410
410 400
418 428
428 418
418 419
398 408
388 387
405 395
385 386
375 376
376 377
377 387
398 399
399 409
419 409
409 399
399 389
389 379
379 378
376 386
386 396
396 406
206 216
216 206
206 196
196 206
216 217
217 218
218 228
228 238
238 239
239 238
238 228
238 248
248 247
247 246
246 247
247 257
257 258
258 248
248 258
248 238
239 249
249 248
228 227
227 217
217 207
207 217
218 217
217 227
227 228
228 229
229 239
229 228
228 218
218 208
207 206
206 205
205 215
215 214
214 204
204 214
214 213
213 203
203 204
204 194
194 195
195 205
215 216
216 226
226 236
236 246
246 245
245 246
246 256
256 246
246 236
245 255
255 256
245 244
244 234
234 233
233 234
234 224
224 225
225 215
226 216
227 226
226 225
24 23
23 13
13 3
993 994
994 984
984 974
974 984
984 985
985 995
22 32
32 22
12 13
13 12
13 14
994 993
33 43
42 52
42 43
43 44
44 45
18 8
28 18
573 572
572 571
562 561
562 572
564 563
563 553
553 563
584 585
606 605
636 635
635 634
634 635
635 645
645 644
644 643
643 642
642 652
652 642
642 643
642 632
632 631
631 641
641 640
661 671
671 672
672 673
673 672
672 671
671 670
668 678
678 679
650 660
659 649
648 647
70 71
71 72
72 82
82 92
102 103
103 93
103 113
113 112
112 122
122 121
160 150
158 159
140 141
141 151
172 173
173 172
172 171
171 170
198 197
187 177
177 187
187 186
186 176
176 186
186 185
185 175
164 154
163 162
162 172
172 182
182 172
173 183
183 193
193 192
192 193
193 203
203 202
202 203
203 193
204 205
215 225
225 224
214 224
224 214
214 215
225 226
191 201
201 191
191 192
192 182
182 183
183 173
174 184
184 174
174 164
154 153
153 152
153 143
154 155
155 145
145 135
135 134
134 144
144 145
145 155
145 146
146 136
136 137
137 136
137 127
127 128
128 129
129 139
147 148
148 158
159 158
167 177
157 147
127 117
117 116
116 126
126 127
128 138
138 137
127 137
127 126
137 147
146 156
156 166
166 167
735 725
687 697
728 727
717 707
704 703
714 724
694 693
701 711
712 722
722 732
732 733
733 743
752 762
761 760
760 770
770 771
771 772
772 771
771 781
782 772
782 783
783 793
803 802
802 801
801 791
770 780
780 790
790 800
800 790
802 792
541 540
533 534
527 537
537 536
545 555
578 588
588 578
588 589
589 580
569 560
579 570
580 590
628 627
618 628
619 609
851 841
840 849
849 848
848 849
839 849
837 836
836 826
839 829
829 819
819 810
810 819
819 809
809 808
808 798
798 799
799 789
789 780
801 811
811 801
791 792
792 802
802 803
795 785
785 784
773 783
783 773
754 755
756 746
753 752
751 761
771 770
116 117
116 106
106 105
105 104
104 103
103 102
102 112
111 101
92 82
82 72
73 83
83 73
63 62
62 61
61 60
50 60
60 61
61 71
71 61
62 52
52 62
62 72
83 84
84 94
84 83
83 93
84 74
64 63
54 55
45 35
35 36
36 35
26 36
36 46
46 56
56 66
66 56
56 57
57 67
67 77
77 67
67 68
78 79
79 70
70 80
80 81
81 82
72 62
41 31
31 30
30 40
40 30
735 736
736 735
702 703
709 708
745 755
755 765
754 744
755 745
737 738
730 739
739 749
731 732
732 742
722 723
723 722
723 733
733 723
743 744
744 754
744 743
983 984
995 985
6 16
16 6
6 7
16 26
19 18
44 54
54 64
34 33
38 48
48 58
58 59
59 50
50 51
52 51
51 50
40 49
49 39
59 58
591 601
601 591
612 622
622 621
622 623
623 622
639 638
639 630
630 631
651 650
650 651
670 671
672 682
682 672
673 683
683 673
683 693
693 683
683 682
682 683
684 694
693 692
692 702
708 707
677 678
678 677
687 686
883 882
883 893
884 894
894 904
935 934
934 935
935 925
945 935
935 936
936 926
926 936
936 946
958 959
959 969
969 960
969 968
968 969
959 950
943 953
953 952
952 962
951 941
941 951
973 972
971 981
417 416
415 425
411 410
410 420
420 410
410 411
449 440
433 434
433 423
434 435
445 455
455 456
507 506
507 497
506 496
537 527
518 519
538 528
527 526
526 516
516 526
546 545
536 537
507 508
508 518
513 523
972 962
980 981
991 990
990 0
990 991
12 11
19 9
0 1
3 13
175 174
184 185
185 186
175 185
186 196
225 235
235 225
235 234
234 235
235 245
247 248
258 259
259 269
269 279
279 269
269 268
268 278
278 277
277 276
276 286
286 296
296 286
296 295
295 296
286 285
285 284
284 285
285 275
275 285
285 295
295 305
305 295
285 286
275 265
265 266
266 276
276 277
277 278
278 279
279 289
289 288
288 298
298 308
331 330
330 339
772 762
762 752
751 741
742 741
752 753
763 762
761 751
741 751
754 753
780 781
792 782
781 771
762 763
783 784
340 341
341 342
342 341
341 331
331 341
319 309
298 288
288 289
289 299
309 319
311 301
312 302
302 292
292 291
291 281
281 291
291 290
290 291
291 301
301 291
290 299
299 289
289 279
269 259
259 250
250 260
260 269
259 249
249 259
250 259
269 260
260 250
260 261
261 262
262 263
263 264
264 254
254 255
255 245
255 265
265 264
264 274
274 273
273 274
273 283
283 273
273 272
272 262
262 261
261 251
251 261
263 262
463 462
474 464
466 465
473 472
472 473
453 463
465 455
456 457
457 458
458 459
438 437
427 437
437 447
447 448
446 445
448 449
459 458
467 466
10 19
968 967
973 983
985 984
984 983
984 994
981 980
627 626
636 637
614 604
605 604
604 614
604 594
594 584
575 574
640 650
671 681
681 680
680 690
36 26
37 36
46 36
64 65
55 65
65 64
51 52
51 41
39 30
30 20
29 28
958 968
976 966
969 979
986 976
976 975
975 974
408 418
418 417
417 427
427 428
428 429
429 428
410 419
417 407
419 429
430 420
420 421
422 432
407 417
417 418
428 438
438 428
428 427
469 459
189 179
179 170
170 171
171 181
181 182
171 161
150 159
150 140
140 130
132 133
113 103
121 122
122 112
112 102
72 71
71 70
69 79
100 90
90 99
99 109
109 119
119 118
118 128
129 128
129 120
120 110
110 120
120 130
130 139
876 886
906 907
907 897
898 899
899 890
890 899
909 919
919 909
909 900
900 901
911 912
912 911
911 901
911 921
921 920
920 929
929 928
928 918
918 919
919 918
908 907
907 906
906 916
916 915
915 916
914 924
923 922
922 923
903 902
923 933
933 943
965 975
974 973
975 965
518 517
517 507
515 514
516 506
506 516
535 536
556 557
553 543
528 518
517 516
516 517
391 390
409 400
400 410
391 381
427 417
399 398
378 388
387 377
377 376
397 396
396 397
387 388
919 910
910 920
890 900
910 911
871 872
872 873
871 861
812 813
813 803
810 820
820 821
821 831
831 821
821 811
811 812
812 802
801 800
789 799
790 799
789 779
779 770
799 809
809 819
819 818
818 819
818 808
808 818
818 817
817 816
816 806
844 834
845 855
301 300
312 313
313 323
323 322
322 312
302 301
301 302
302 303
303 313
323 324
324 323
323 313
313 303
303 304
304 303
304 305
305 304
304 314
314 304
303 293
293 294
294 293
293 292
292 282
282 283
283 284
284 294
294 284
284 274
274 264
264 263
254 264
262 272
272 282
282 272
272 271
271 281
291 292
292 293
293 283
273 263
263 253
253 252
252 253
253 243
243 242
242 243
243 253
242 232
232 222
222 232
232 233
233 232
232 242
243 244
245 235
589 579
569 559
635 625
625 624
624 625
624 623
623 613
613 612
602 603
603 613
612 613
613 603
583 582
560 550
550 540
552 562
585 584
856 846
836 837
827 817
817 827
817 807
807 806
806 807
807 808
818 828
858 848
849 840
866 876
835 836
856 855
855 865
820 830
830 839
839 830
830 820
820 829
829 820
820 810
810 811
811 821
831 832
832 822
822 821
831 830
832 831
821 820
833 832
803 793
793 783
784 794
765 755
777 778
778 788
788 789
789 788
780 789
779 789
800 801
800 810
817 818
806 805
741 731
739 738
727 726
713 712
712 711
673 674
674 684
674 675
675 665
665 664
664 674
684 685
666 676
676 675
751 750
750 759
759 750
587 597
597 596
522 512
519 509
509 499
490 480
479 470
487 497
478 468
468 458
450 460
460 461
243 233
233 243
253 254
254 253
253 263
274 275
275 274
271 270
270 271
281 282
282 292
262 252
254 244
215 205
205 204
213 214
229 219
219 210
210 220
220 229
217 216
236 226
256 257
257 247
247 237
237 247
236 235
235 236
711 710
731 721
701 691
691 681
681 671
680 670
670 679
679 678
678 668
668 667
647 646
646 645
645 635
635 636
626 627
638 648
648 649
649 659
667 668
290 280
280 290
299 298
250 251
261 271
272 273
283 293
293 303
314 313
313 312
302 312
313 314
314 324
354 355
355 345
346 345
345 346
354 344
354 353
392 382
947 937
937 927
927 937
927 928
880 889
860 850
850 851
873 883
849 839
840 830
142 141
170 180
180 189
188 198
190 199
159 169
180 170
180 190
189 180
186 187
187 197
176 177
167 166
166 165
165 155
155 156
197 198
198 188
177 176
184 183
183 184
202 201
201 202
202 212
212 213
213 223
223 224
224 234
234 244
224 223
223 213
213 212
212 202
202 192
192 191
191 190
200 190
200 210
219 229
210 200
200 201
201 211
211 212
212 211
212 222
232 231
231 241
241 242
242 241
241 251
251 241
241 231
251 252
252 251
251 250
281 280
280 289
288 278
278 288
297 287
287 288
288 287
287 277
278 268
268 258
258 257
257 267
267 268
279 270
270 280
292 302
672 662
662 652
652 653
653 663
663 653
653 652
652 651
681 682
682 681
671 661
758 768
768 778
778 779
788 787
787 777
777 767
767 768
768 767
767 766
70 79
79 69
79 78
78 68
68 58
58 48
48 49
49 48
48 47
47 37
58 68
68 69
55 54
55 56
56 46
46 45
26 25
983 993
993 3
948 958
947 948
937 947
948 938
938 939
930 931
931 941
4 14
14 13
13 23
23 24
50 40
3 4
959 949
949 959
949 940
940 930
950 959
939 929
903 904
894 895
722 712
738 728
729 728
734 724
768 769
769 779
830 831
831 841
825 835
834 835
845 844
854 855
875 885
905 906
897 907
907 908
919 929
929 939
966 976
9 999
19 10
10 20
68 67
88 78
58 57
57 58
77 76
76 75
75 76
76 77
77 87
87 88
88 89
89 88
88 98
98 97
97 96
76 86
86 96
96 97
97 98
98 108
108 107
107 117
117 127
309 300
308 309
289 280
277 287
276 275
284 283
274 284
263 273
286 287
287 286
295 285
252 242
252 262
261 260
271 261
222 223
223 233
233 223
203 213
223 222
216 215
999 9
9 19
10 0
0 10
48 38
389 399
389 380
370 360
360 369
369 379
345 355
416 417
400 401
451 450
440 449
504 503
502 501
67 66
67 57
57 56
61 51
52 53
64 74
74 75
75 85
85 84
84 85
85 86
87 97
96 95
95 96
420 430
445 444
444 443
136 126
126 125
126 116
116 115
115 116
106 116
106 107
117 118
118 108
108 98
98 99
99 89
89 99
99 90
90 80
80 90
90 100
100 110
110 111
121 111
91 90
97 87
87 77
94 104
104 94
110 100
110 119
119 110
699 698
708 709
690 691
698 688
688 689
680 689
689 688
688 687
656 655
655 656
659 650
682 692
692 682
662 672
689 679
678 688
689 699
584 594
594 593
614 613
537 547
547 557
579 589
558 559
559 558
557 547
426 416
443 444
444 454
464 463
464 454
463 473
750 760
760 769
769 760
757 756
794 793
775 785
785 786
786 785
785 775
798 808
237 227
227 237
237 236
226 227
194 193
193 194
194 184
165 166
166 156
156 155
155 165
165 175
173 163
163 173
162 163
143 142
142 143
143 153
133 134
166 176
176 166
175 176
176 175
134 124
124 134
131 121
121 120
907 917
917 918
891 901
901 891
896 886
886 885
895 894
905 895
905 904
894 893
893 903
881 891
891 881
912 922
922 921
921 911
910 919
918 917
917 927
927 926
105 115
125 124
144 143
135 145
164 165
196 195
195 196
196 186
195 194
205 206
207 208
208 209
197 207
208 218
248 249
249 240
240 250
270 260
78 77
95 105
105 106
107 108
108 118
181 171
155 154
114 124
132 122
112 113
280 270
255 254
259 258
236 237
237 238
240 230
230 240
240 249
249 239
239 229
229 220
219 218
238 237
267 257
257 256
778 768
768 758
767 777
777 787
787 786
796 795
796 797
797 807
807 817
807 797
797 798
808 807
805 806
798 797
797 787
787 788
788 778
778 777
787 797
776 786
786 787
766 767
757 747
718 708
708 698
698 699
180 181
181 191
222 221
221 222
222 212
221 211
211 221
244 243
124 125
156 146
156 157
376 375
377 378
379 389
381 382
382 383
383 393
382 372
351 352
333 323
312 311
304 294
294 304
283 282
598 588
591 590
588 587
582 592
593 592
211 201
221 231
231 232
205 195
198 208
209 199
178 188
218 219
220 221
623 633
633 632
632 633
633 643
643 653
653 643
643 633
633 623
622 632
655 654
654 655
655 665
665 655
655 645
634 624
624 614
614 624
624 634
631 630
859 849
870 871
881 880
928 938
938 928
918 928
928 929
929 919
920 930
930 920
920 921
921 931
941 931
931 921
920 910
900 890
901 900
595 585
589 588
599 589
569 579
646 636
651 652
652 662
690 680
679 670
195 185
196 197
197 196
206 207
124 114
114 104
104 105
73 74
74 73
122 132
123 122
111 110
119 129
421 411
391 392
937 938
35 45
45 46
46 47
47 46
56 55
132 142
163 164
142 132
122 123
153 163
151 150
819 829
826 816
816 817
827 826
869 868
868 858
641 642
653 654
654 653
650 640
640 649
649 640
287 297
306 305
305 315
315 314
282 281
279 278
550 559
559 549
559 569
545 544
568 569
27 17
28 38
38 28
28 27
27 26
26 27
220 230
230 239
258 268
185 195
268 269
294 295
316 315
315 305
305 306
335 325
91 81
80 89
109 99
100 109
119 109
109 108
108 109
128 127
141 131
120 129
129 119
130 120
761 771
771 761
649 639
38 37
37 47
36 37
47 57
57 47
45 55
139 130
139 129
138 128
120 121
788 798
828 829
829 839
821 822
813 812
841 831
855 856
877 887
47 48
98 88
82 83
109 100
139 149
149 139
793 794
855 854
201 200
221 220
220 210
210 219
210 211
182 181
181 180
239 230
240 241
242 252
271 272
281 271
65 66
793 792
786 796
796 786
786 776
755 754
760 761
806 796
797 796
804 814
805 815
815 825
825 815
926 925
904 903
850 859
859 850
859 858
858 859
193 183
185 184
182 192
191 181
209 219
219 209
199 209
190 180
211 210
260 270
74 84
99 98
128 118
118 117
117 107
107 97
97 107
118 119
244 245
231 221
230 231
332 322
79 89
89 80
89 79
66 76
93 94
915 905
917 916
916 917
917 907
829 828
30 31
31 32
96 106
106 96
80 70
107 106
136 135
135 136
707 708
250 240
295 294
264 265
265 255
231 230
230 220
875 874
904 905
901 902
900 910
208 198
348 347
347 357
512 513
168 167
194 204
204 203
854 864
861 860
830 840
661 651
673 663
663 673
664 663
81 80
688 678
646 656
657 656
675 674
674 673
674 664
664 654
654 664
317 307
330 340
340 350
350 340
330 331
331 332
324 334
355 354
345 335
344 343
332 331
364 354
344 345
94 84
90 91
382 381
369 368
368 367
320 330
349 359
603 602
631 632
632 642
630 639
656 646
625 635
644 645
645 646
11 10
695 694
716 706
736 746
455 445
368 358
455 465
457 467
334 324
325 326
270 279
325 335
325 315
315 325
357 347
347 346
346 347
358 357
370 380
372 382
642 641
603 604
613 614
615 616
604 603
619 618
350 360
360 350
350 359
359 349
303 302
66 67
28 29
749 748
781 791
781 780
770 779
626 625
658 648
663 662
592 602
623 624
644 634
633 634
457 456
456 455
890 880
880 890
916 926
926 927
927 917
886 876
634 633
632 622
613 623
654 644
644 654
256 255
244 254
265 275
275 276
276 266
266 265
277 267
267 277
286 276
850 840
849 859
65 75
75 65
77 78
643 644
840 850
322 332
343 333
921 922
913 914
924 925
925 926
936 937
937 936
944 954
184 194
256 266
266 256
694 684
641 631
924 934
943 933
933 923
933 934
934 933
799 798
798 788
776 775
808 809
779 778
590 580
809 800
24 34
634 644
266 267
924 923
938 937
926 916
952 953
953 954
27 28
37 27
932 942
367 377
352 351
183 182
505 515
791 781
280 281
267 266
357 356
356 357
192 202
190 191
157 156
458 457
461 451
101 91
769 768
779 769
595 594
695 705
343 344
241 240
359 350
350 351
679 689
529 528
645 655
923 924
925 924
922 932
879 870
268 267
748 749
386 376
963 953
341 351
351 350
931 932
828 818
916 906
878 877
930 940
885 884
24 14
351 361
933 932
932 931
931 930
932 933
929 920
367 368
928 927
